 	TP9	AF7	AF8	TP10	
-1000.00000	-77.45119	17.64234	2.64666	-73.95713
-996.09375	-73.06680	9.98633	7.88480	-71.29354
-992.18750	-61.93164	18.04442	10.30237	-68.96634
-988.28125	-51.91808	30.13169	10.30232	-58.67409
-984.37500	-52.88015	26.50475	1.84076	-56.15004
-980.46875	-51.16532	22.07196	-4.60610	-55.74556
-976.56250	-39.38609	24.89195	-3.80013	-44.42888
-972.65625	-29.22958	16.42994	-4.20288	-26.15219
-968.75000	-22.69807	-4.52294	1.84116	-13.74700
-964.84375	-11.17082	-6.94099	2.64699	-4.41051
-960.93750	2.88950	3.13171	-7.42632	-2.92077
-957.03125	11.62022	5.54886	-14.67908	4.99515
-953.12500	16.39897	0.31040	-3.39703	24.75598
-949.21875	21.45263	-5.73403	-0.97958	31.20856
-945.31250	30.92372	-7.74929	-9.03827	33.20982
-941.40625	33.54008	-13.79381	-7.82951	29.31446
-937.50000	31.99867	-17.01781	-4.60599	33.45611
-933.59375	34.25634	-17.82413	-15.48504	35.80698
-929.68750	32.99235	-21.85390	-24.34941	36.30704
-925.78125	41.17387	-21.45135	-13.87317	47.04704
-921.87500	46.83007	-21.04880	-10.64965	50.22841
-917.96875	45.11441	-17.01995	-5.00857	53.43990
-914.06250	49.72441	-12.58825	-2.59088	52.52822
-910.15625	48.99357	-15.40924	-8.63491	51.11138
-906.25000	46.17731	-19.84201	-9.03802	51.61156
-902.34375	47.99697	-19.43968	-5.00880	50.15053
-898.43750	49.75315	-13.79909	-7.42638	45.59976
-894.53125	51.51713	-10.57592	-9.44106	38.24793
-890.62500	52.53552	-12.59092	-9.03818	43.79209
-886.71875	56.81865	-7.75605	-13.87334	54.16211
-882.81250	54.36829	-10.57693	-17.09675	52.05003
-878.90625	49.53731	-17.02428	-12.66442	42.16599
-875.00000	57.76299	-15.81596	-11.05270	47.76053
-871.09375	57.31992	-17.02524	-7.82922	55.44997
-867.18750	46.91255	-19.84626	-4.60578	55.51072
-863.28125	47.81360	-24.27892	-1.78536	52.70601
-859.37500	51.71540	-26.69703	-1.78537	47.96949
-855.46875	43.47573	-26.69745	-10.64984	39.96151
-851.56250	35.94850	-29.51820	-13.06751	36.52498
-847.65625	32.58110	-27.90676	-10.64996	33.50169
-843.75000	26.72332	-28.71297	-8.23246	31.16914
-839.84375	24.04940	-31.13106	-1.38267	33.18954
-835.93750	25.57381	-30.72860	-11.85891	30.55950
-832.03125	29.11767	-21.86464	-23.14099	28.51877
-828.12500	32.76729	-4.53908	-9.03844	27.22487
-824.21875	35.42308	8.35416	3.85546	26.12489
-820.31250	34.63173	7.14489	0.22915	23.61152
-816.40625	34.27179	0.69758	-1.78548	23.17523
-812.50000	38.43823	-2.92928	3.04975	35.86218
-808.59375	30.55176	-4.54136	0.22923	33.86430
-804.68750	23.54911	-0.10953	-1.78540	28.30970
-800.78125	21.00470	-2.52739	-5.00877	28.09667
-796.87500	22.82355	-7.36288	-11.85849	17.80171
-792.96875	28.45050	-11.39250	-12.26140	18.25931
-789.06250	24.32693	-9.37821	-4.20268	18.77178
-785.15625	21.32506	-6.96097	-4.60563	19.99915
-781.25000	24.26577	-2.52905	-13.06715	31.73529
-777.34375	25.87631	1.90290	-8.63485	29.74455
-773.43750	24.53731	-1.32082	0.63256	23.25352
-769.53125	26.18464	3.51408	5.06484	23.85639
-765.62500	23.92060	6.73731	3.45312	21.74856
-761.71875	10.97108	-2.93328	-0.57616	19.21624
-757.81250	8.37024	-3.73936	2.64735	14.67629
-753.90625	12.19112	1.49855	-0.57598	9.74265
-750.00000	13.16183	5.52764	-1.78464	16.08148
-746.09375	15.62666	6.33328	10.70631	20.26724
-742.18750	12.54947	-3.74021	5.87122	14.71610
-738.28125	9.38515	-17.84302	-2.18734	10.46727
-734.37500	11.15246	-20.26085	5.06539	13.58360
-730.46875	9.84005	-13.00828	5.46831	15.59624
-726.56250	2.08968	-2.12946	-0.97849	7.50259
-722.65625	1.60310	-1.72683	-3.39602	4.93992
-718.75000	1.51796	-9.78579	-2.18725	4.21941
-714.84375	-4.77161	0.28709	2.24496	0.92652
-710.93750	-3.52087	8.74828	9.49769	1.85408
-707.03125	-6.61086	-6.56350	3.45366	3.60820
-703.12500	-13.00149	-21.47241	-4.20198	7.62005
-699.21875	-9.59381	-25.90511	-1.78436	13.25528
-695.31250	-4.55949	-27.11437	-0.17263	8.83632
-691.40625	-1.13212	-21.87671	5.87126	5.47882
-687.50000	-1.60546	-15.43026	6.67707	8.99279
-683.59375	-3.86305	-9.38680	-0.57571	3.41849
-679.68750	-1.79308	-5.35798	-0.97871	-4.73704
-675.78125	2.11350	-15.83469	5.87112	-4.59774
-671.87500	2.50145	-16.23810	7.07994	2.29429
-667.96875	-1.02078	0.68450	-0.57577	-0.91698
-664.06250	0.81638	10.35423	-2.99342	4.42726
-660.15625	1.14448	14.38297	0.63296	8.66486
-656.25000	-1.68011	12.77073	2.64764	1.71808
-652.34375	-3.90245	8.33790	0.63297	7.20866
-648.43750	-7.67292	8.74020	-4.20220	12.16257
-644.53125	-2.18378	11.96298	-3.79930	17.09720
-640.62500	1.23036	10.35066	1.43881	14.77682
-636.71875	-0.23206	2.29165	3.85639	10.04813
-632.81250	4.63615	-0.93222	1.43874	7.72832
-628.90625	6.64690	-5.76785	-2.59064	2.70429
-625.00000	5.67428	-8.58887	-2.99358	7.98917
-621.09375	5.71478	-2.14263	3.85630	6.34397
-617.18750	12.49616	-6.17249	6.67670	6.28365
-613.28125	14.41608	-20.67847	-5.81421	9.89467
-609.37500	3.26179	-15.84378	-7.02301	6.97602
-605.46875	1.42849	6.71974	4.25899	4.50805
-601.56250	3.71800	18.00121	-0.97913	1.49793
-597.65625	4.26518	11.55372	-14.27584	1.29811
-593.75000	6.49687	7.12083	-11.05247	-1.60707
-589.84375	2.72421	7.92614	-1.38216	1.20798
-585.93750	1.60309	7.11977	2.24422	12.70288
-582.03125	2.08880	-2.95389	2.64720	6.68539
-578.12500	0.05128	-5.77489	1.03543	-3.30245
-574.21875	-3.00726	-4.16376	1.43838	0.21536
-570.31250	-2.21574	-0.53790	7.88525	2.32614
-566.40625	-0.64692	-4.16472	7.88517	-7.71351
-562.50000	2.43936	-16.25299	1.03524	-6.70080
-558.59375	5.89362	-13.43300	-5.00873	0.13242
-554.68750	6.44941	1.47487	-4.20287	-3.58028
-550.78125	4.15850	-0.13740	0.22930	-5.38188
-546.87500	-0.07809	-12.22574	-8.63512	-10.39835
-542.96875	6.38262	-8.59975	-13.47034	-1.18583
-539.06250	9.70004	-2.95921	-11.85858	5.95716
-535.15625	10.28392	-0.13917	0.63230	8.35582
-531.25000	13.38679	5.90436	12.72019	15.95987
-527.34375	6.53768	4.29206	6.67617	12.30914
-523.43750	4.65269	-10.21393	2.64680	9.12950
-519.53125	9.85460	-25.12276	-2.18839	6.51157
-515.62500	11.71517	-22.70564	-7.82948	-0.24558
-511.71875	10.15858	-13.03574	-3.39734	-2.14595
-507.81250	1.87964	-7.79812	4.66116	-0.83000
-503.90625	-5.16516	4.69224	3.04946	-3.55243
-500.00000	-4.92758	17.18262	-4.20325	-6.66834
-496.09375	-2.55784	20.80855	2.24362	-0.78123
-492.18750	-3.10768	11.13781	4.25828	5.57533
-488.28125	-3.97317	-1.75648	-5.00909	-2.66719
-484.37500	-1.71172	-2.56280	-6.62075	-6.58984
-480.46875	-1.60845	4.28650	1.43779	9.52903
-476.56250	8.96206	7.91244	10.70511	20.44281
-472.65625	13.47760	0.65929	11.51090	14.54357
-468.75000	0.26570	0.25590	4.25810	1.16123
-464.84375	0.51105	11.13462	-6.21811	-2.79880
-460.93750	6.91577	-2.96835	-15.88842	4.73505
-457.03125	6.78210	-15.86245	-5.41226	9.42768
-453.12500	0.27875	0.65733	4.25800	9.04216
-449.21875	2.91491	13.55064	3.85510	5.01865
-445.31250	2.71576	11.93848	5.06384	5.40823
-441.40625	-1.11475	5.89401	1.03433	9.16851
-437.50000	0.16439	4.28178	4.25774	10.89261
-433.59375	1.61618	7.90781	-0.57731	7.60242
-429.68750	0.35218	7.10150	-10.24762	-2.77676
-425.78125	-6.37484	0.25127	-5.41245	-3.72183
-421.87500	-7.16558	-3.37556	-4.60669	-5.37571
-417.96875	-4.44904	-7.80827	-5.41258	-3.37297
-414.06250	-3.46552	-14.25552	-1.38326	6.19144
-410.15625	-2.18165	-9.82364	-1.78623	14.04207
-406.25000	-4.19194	-1.36256	-1.78624	10.11006
-402.34375	-9.62490	1.86044	-0.98039	0.18758
-398.43750	-9.48051	-0.15472	3.85475	1.27791
-394.53125	-1.26965	-3.78151	5.86936	1.17889
-390.62500	-1.86292	-2.97604	3.45174	-0.12667
-386.71875	-1.60900	3.47042	-2.59231	3.79638
-382.81250	3.99918	3.47000	-4.60705	6.51941
-378.90625	-0.83189	-9.02121	-2.99540	5.49975
-375.00000	-9.52933	-14.25974	-5.41294	1.02115
-371.09375	-4.33137	-9.82790	-2.59242	-4.98895
-367.18750	8.63121	-12.64884	1.83993	-3.71941
-363.28125	8.72638	-16.67851	-4.20399	-3.30065
-359.37500	0.94320	-15.06712	-6.21876	-7.23130
-355.46875	-4.47587	-13.45582	1.83986	-3.15123
-351.56250	-4.75039	-13.45625	-6.21882	-3.76711
-347.65625	0.74668	-18.29184	-7.02468	-3.56691
-343.75000	-3.09651	-15.47175	4.25730	0.14443
-339.84375	-3.75576	-10.63696	0.22791	-2.26731
-335.93750	3.81261	-10.63737	-11.86003	-7.71782
-332.03125	4.53596	-9.42892	-17.09816	-8.54972
-328.12500	4.55917	-1.37057	-7.83078	-3.79966
-324.21875	6.40914	3.46417	3.85422	3.15897
-320.31250	3.20022	-2.98311	4.25709	5.88373
-316.40625	-2.39767	-7.01275	0.22778	-1.80512
-312.50000	-1.05148	-6.20727	1.83956	2.82348
-308.59375	5.16487	1.04512	0.22781	9.28729
-304.68750	2.99757	12.72976	-0.57805	8.16515
-300.78125	0.85643	12.72942	-6.62202	14.80228
-296.87500	6.30199	6.68509	-8.63676	13.77509
-292.96875	7.89995	3.05820	1.43640	4.15987
-289.06250	10.62657	-0.56860	7.88323	3.86682
-285.15625	19.71301	-5.80713	10.70371	12.75029
-281.25000	17.01304	-2.98704	4.65978	10.78713
-277.34375	9.75957	7.08584	-2.19000	2.75283
-273.43750	5.19768	9.10023	-3.80177	1.50034
-269.53125	1.20450	2.65306	-3.39885	2.10372
-265.62500	1.35858	-6.61467	-0.17545	2.41396
-261.71875	5.73563	-9.03266	4.65966	7.13493
-257.81250	8.37348	-5.40664	2.24199	7.43074
-253.90625	7.35981	-1.78071	-8.23431	2.09471
-250.00000	6.31640	5.87454	-7.02555	2.39019
-246.09375	6.36427	11.11214	1.03301	6.17360
-242.18750	4.49654	7.48522	5.06239	6.66708
-238.28125	2.13873	2.64963	1.03306	1.61302
-234.37500	5.51846	5.06682	-2.59330	-2.52275
-230.46875	1.38606	9.09581	-8.23438	0.29630
-226.56250	1.69473	12.72175	-11.86082	9.93217
-222.65625	1.61145	7.48326	-4.60819	10.19044
-218.75000	-5.32312	-6.61967	6.67383	-1.81178
-214.84375	-0.33028	-7.02299	9.89728	-8.32763
-210.93750	5.75606	1.84118	2.24153	-2.56453
-207.03125	-0.55706	1.84080	-4.60836	0.80169
-203.12500	-2.91811	-0.17429	-1.38500	0.78454
-199.21875	-0.71893	-2.99517	-2.99680	2.79367
-195.31250	4.71849	-13.06877	-5.01148	4.41901
-191.40625	10.96666	-17.90423	1.83827	8.71745
-187.50000	16.53742	-17.50172	4.25574	9.81411
-183.59375	15.08582	-9.84647	1.03226	11.89575
-179.68750	10.30591	-7.83219	5.46444	17.43991
-175.78125	9.78023	-14.68234	9.09077	13.54995
-171.87500	2.10946	-10.65330	-0.98258	14.39807
-167.96875	-5.03922	-10.65368	-1.78841	7.96322
-164.06250	-5.61977	-5.81893	-2.59424	1.21938
-160.15625	-2.06839	2.64228	-7.83242	1.42748
-156.25000	-1.66975	-4.61082	-4.20610	3.74781
-152.34375	-1.47469	-9.04345	-3.40034	8.43231
-148.43750	2.41029	-6.62616	-4.20623	8.55088
-144.53125	3.86985	7.87901	4.25521	6.23247
-140.62500	3.25450	22.38412	7.88156	1.89719
-136.71875	6.22418	12.71346	0.62875	2.00352
-132.81250	-2.20442	-0.58344	-4.60947	-7.56926
-128.90625	-3.01435	8.68372	1.03142	-8.56419
-125.00000	2.05676	13.11566	7.88119	6.79383
-121.09375	-1.93231	7.47425	10.29880	15.62469
-117.18750	-4.41856	-0.58470	6.26954	7.50559
-113.28125	-2.09597	-5.82323	-0.17727	-6.61261
-109.37500	-0.35672	2.23491	1.43439	-10.33739
-105.46875	-3.80212	2.23452	-1.38618	-7.97049
-101.56250	-5.94524	-3.40674	-4.20677	-2.51934
-97.65625	-4.99539	4.24871	1.43415	4.13034
-93.75000	-3.97272	5.45732	3.44879	1.22495
-89.84375	-5.73097	4.24828	7.47809	-4.82469
-85.93750	-4.83771	10.69488	10.70148	-0.98571
-82.03125	-2.33751	7.87408	5.06040	3.47277
-78.12500	4.89209	7.06779	3.44852	4.36380
-74.21875	15.53293	9.08203	7.88068	14.73120
-70.31250	12.29496	0.62009	8.68647	17.24468
-66.40625	3.38743	-1.79779	3.44829	11.63703
-62.50000	-2.39098	3.44005	4.25413	5.79974
-58.59375	-5.78687	0.21629	4.25417	-5.90209
-54.68750	-1.60488	-0.99282	-9.84835	-9.61499
-50.78125	-1.07546	-2.20196	-12.26596	-2.55229
-46.87500	-4.50637	-0.18770	2.23950	4.11608
-42.96875	-1.67211	7.06468	9.49219	2.44934
-39.06250	-0.77234	1.42332	2.64233	-0.88398
-35.15625	-1.39723	-3.00930	0.22471	0.30592
-31.25000	0.89969	1.42269	1.03059	4.68667
-27.34375	0.09459	5.45167	0.22476	7.07998
-23.43750	6.67127	11.89814	8.68631	9.94435
-19.53125	15.49964	19.95639	11.90972	15.78800
-15.62500	1.64607	6.65940	3.04518	9.03095
-11.71875	-2.32793	-9.05525	-3.80474	-1.33081
-7.81250	-0.53353	-13.08490	-1.79016	-8.47628
-3.90625	-4.75781	-8.65292	-4.20780	-11.19878
0.00000	-7.34078	-8.25022	-13.07237	-14.71757
3.90625	-10.20907	-15.90605	-5.01382	-14.47152
7.81250	-6.32659	-20.33857	0.62719	-4.48863
11.71875	0.06070	-25.97991	-5.41683	-0.64333
15.62500	4.33681	-14.29520	0.22408	-1.74566
19.53125	3.23117	3.03043	2.23861	-4.16177
23.43750	4.53432	9.47687	-3.40245	-7.35070
27.34375	3.81184	6.65597	0.62681	0.44955
31.25000	-1.34155	2.62631	1.43259	4.39317
35.15625	2.93314	-2.20931	-2.99975	5.67107
39.06250	5.30851	-12.68582	-5.01446	5.95200
42.96875	1.14556	-11.47727	-4.61155	1.78013
46.87500	3.50676	-0.59840	-2.59695	1.39456
50.78125	3.32244	2.22179	1.83530	5.83243
54.68750	-0.50305	6.65372	-0.58231	2.99853
58.59375	5.73975	17.53248	-3.80587	-3.31443
62.50000	9.03350	23.57612	3.84974	-1.59033
66.40625	-0.39396	22.36689	4.65552	-6.89524
70.31250	0.75956	14.71082	3.04383	-10.02173
74.21875	5.71749	12.69583	5.46137	-2.90820
78.12500	0.49452	13.90428	3.44668	-7.38255
82.03125	-0.81826	3.42772	1.43203	-12.63259
85.93750	6.61225	-5.43711	-4.20895	-6.29156
89.84375	11.11966	0.60649	-9.04418	6.39428
93.75000	5.08006	7.85894	-4.61200	5.68568
97.65625	-6.39690	13.90253	-0.58280	-6.25144
101.56250	-6.65549	18.73729	5.46110	-5.16101
105.46875	-7.30910	9.87252	6.26690	-5.26006
109.37500	-10.32005	-0.20109	-2.59761	-6.56571
113.28125	-8.45441	10.67775	-5.41818	-7.07480
117.18750	-2.84618	11.88621	-3.80656	-2.74003
121.09375	-0.42446	-3.02258	-1.38902	6.31363
125.00000	-5.09254	-14.70787	-3.80664	6.26717
128.90625	-3.92387	-17.93156	-13.07406	-3.77217
132.81250	2.18894	-4.63517	-6.22428	-5.72601
136.71875	3.89590	6.64650	9.89293	1.54255
140.62500	6.58918	7.04901	14.32511	2.44729
144.53125	8.02014	6.64589	0.62543	0.08074
148.43750	-0.71570	4.22807	-6.62738	-2.54956
152.34375	4.78161	7.04825	0.22231	1.27721
156.25000	15.84717	11.88316	1.43104	7.40646
160.15625	6.32372	7.04769	-0.58365	7.00965
164.06250	-1.82200	-8.26388	4.25149	4.78278
167.96875	0.51339	-11.89044	-0.98658	1.93650
171.87500	0.53693	-0.60863	-7.03053	-0.96876
175.78125	1.17844	11.07618	2.63978	3.16972
179.68750	8.04315	7.44957	11.50416	17.57973
183.59375	6.87767	-14.30892	6.26603	23.99362
187.50000	-5.07265	-19.54735	-6.22484	3.23784
191.40625	-6.91468	-4.23643	-2.19548	-11.25051
195.31250	-1.42616	0.59842	1.83375	-1.89626
199.21875	2.07375	-8.66923	1.43069	1.92034
203.12500	1.07250	-21.96620	-0.18102	2.90784
207.03125	1.46176	-14.71369	3.84826	11.02161
210.93750	2.57677	3.41795	6.66866	11.53457
214.84375	4.81351	5.02942	3.44515	15.58300
218.75000	3.32247	3.01453	3.44515	11.60542
222.65625	3.72487	9.46114	7.07154	0.75078
226.56250	11.65390	13.49013	4.65386	-0.50161
230.46875	6.04912	7.84875	-1.79315	-2.31574
234.37500	0.56212	4.62489	-3.80793	-3.61708
238.28125	4.13324	7.84797	-2.59920	-4.13414
242.18750	-0.88454	8.25056	-6.22569	-3.83819
246.09375	2.13110	3.41519	-4.61402	3.31674
250.00000	8.34049	2.20614	5.45915	16.10308
253.90625	4.35915	-0.61470	-5.42005	13.84259
257.81250	5.71495	-1.82379	-10.25531	9.90388
261.71875	6.98363	-3.83868	-7.83771	12.10273
265.62500	1.90193	-0.61550	-9.44939	0.31143
269.53125	-7.06555	4.21943	3.44433	-6.94271
273.43750	-11.59194	0.59288	10.69706	1.48446
277.34375	-7.64581	-8.27185	5.45895	0.53409
281.25000	-1.68657	-14.71901	3.44426	2.23173
285.15625	-2.73758	-11.89876	3.04131	9.41557
289.06250	2.13999	3.41228	-3.00276	7.12020
292.96875	8.72079	15.09695	0.62353	8.06893
296.87500	3.13638	8.64969	1.83220	6.03727
300.78125	-1.91710	4.21707	-8.64405	-1.62390
304.68750	-0.50887	5.42546	-11.86752	-4.02785
308.59375	7.75400	2.20166	-9.44999	-4.56448
312.50000	9.69848	-2.63377	-5.82376	0.15865
316.40625	5.02345	-4.24588	-9.85315	4.65782
320.31250	-1.77100	-6.66379	-5.82391	0.93460
324.21875	-5.52006	-5.45522	1.42879	-5.77581
328.12500	-5.53507	2.20030	-1.39173	-4.52476
332.03125	-0.19293	-1.02333	-3.00353	1.93425
335.93750	2.04712	-4.64995	2.23451	3.65203
339.84375	4.38980	0.18498	4.24907	4.66609
343.75000	5.99733	-11.90306	-2.19786	2.95725
347.65625	-3.07501	-21.57368	-1.39207	4.82126
351.56250	-2.41346	-5.45683	1.83129	2.92524
355.46875	1.46366	7.03354	4.65170	0.60689
359.37500	4.07173	2.19801	6.26333	5.53903
363.28125	0.19157	-9.89025	1.02521	6.04829
367.18750	-4.61078	-19.96391	-5.42160	4.13126
371.09375	-2.60025	-27.61990	-8.64508	4.74805
375.00000	0.45617	-23.59090	-10.25689	6.40640
378.90625	1.70522	-21.17352	-0.58656	10.40193
382.81250	1.63657	-19.96502	-1.39242	5.10327
386.71875	3.15323	-15.93591	0.62224	3.47602
390.62500	2.87795	-9.48929	9.08365	9.01862
394.53125	5.07368	-11.90704	0.62186	4.53583
398.43750	2.12494	-19.96591	-3.00467	0.31683
402.34375	-5.78945	-15.53398	-0.58709	0.11695
406.25000	-1.94609	-0.62590	6.26266	6.07613
410.15625	-4.91311	13.47634	5.05388	-6.82332
414.06250	-15.70477	13.47607	-0.58721	-27.96603
417.96875	-20.86021	5.82019	-9.45170	-28.74556
421.87500	-16.85393	3.80533	-16.30157	-21.00452
425.78125	-14.67445	-1.43303	-10.66054	-9.42820
429.68750	-17.10644	-3.44799	-5.82545	-2.07944
433.59375	-11.91138	-3.04539	-5.01970	-4.06067
437.50000	-1.57244	0.17780	3.84468	-1.43626
441.40625	-3.75940	5.81863	5.85924	0.56162
445.31250	-8.03886	9.84766	-7.43751	-10.80696
449.21875	-9.52398	4.20634	-9.04933	-10.59403
453.12500	-7.31386	-0.62895	-7.43761	-3.92567
457.03125	-6.89720	-1.43490	-5.82595	-13.24811
460.93750	-4.78866	1.78835	-0.18496	-15.37256
464.84375	0.63035	8.23491	0.21790	-6.92994
468.75000	-5.13133	7.02574	-3.81139	-9.39911
472.65625	-6.74229	7.42828	-8.24365	-5.39416
476.56250	0.23727	11.45729	-13.48180	3.11125
480.46875	1.00701	7.42784	-5.82614	4.92556
484.37500	2.06182	0.57783	3.44115	5.01831
488.28125	7.35527	6.62152	7.47027	2.31216
492.18750	5.52335	6.21827	9.48475	4.03117
496.09375	0.89609	-11.10798	0.62027	4.53209
500.00000	-2.89568	-14.33154	-1.79731	6.25141
503.90625	-1.73480	-1.84084	1.82900	11.73549
507.81250	0.93879	8.23215	-4.21503	6.80989
511.71875	-0.73258	11.85825	-3.40924	-4.25326
515.62500	-2.50051	12.26076	-4.21518	-6.16140
519.53125	0.42316	5.81355	-9.05052	-4.14523
523.43750	2.93499	-3.45414	-1.39493	-3.30478
527.34375	3.01821	-1.43975	8.67817	0.86917
531.25000	5.92344	2.18629	3.84290	0.78346
535.15625	1.73656	-3.45503	-1.79822	-7.20593
539.06250	-7.17014	-7.88755	-0.58949	-15.78945
542.96875	-0.85692	-10.70828	0.61928	-11.09687
546.87500	7.14535	-9.90266	-5.42466	-4.63264
550.78125	6.55804	-4.66482	-5.82762	-8.65620
554.68750	-2.50566	-10.30616	6.26021	-10.68428
558.59375	-8.75372	-19.97682	7.46888	-0.47702
562.50000	-7.07165	-16.35075	7.06593	-3.18518
566.40625	-6.02282	-11.91886	4.24536	-4.05777
570.31250	-3.66036	-10.71042	8.67752	0.06867
574.21875	3.71534	-14.33707	8.67739	8.39112
578.12500	7.35692	-18.36651	-0.99305	20.43693
582.03125	1.20914	-10.71092	0.21574	12.76944
585.93750	0.58117	1.77973	8.27432	2.18748
589.84375	9.11797	13.46448	10.28896	2.78553
593.75000	16.37521	19.50826	3.03616	12.55337
597.65625	23.83609	14.26993	1.02135	17.53949
601.56250	24.78656	11.04637	1.02128	21.45052
605.46875	28.96829	11.85204	1.42422	26.58981
609.37500	34.41902	13.86635	-0.18752	28.91080
613.28125	33.06128	16.68646	-8.64910	34.84883
617.18750	36.25203	12.25388	-6.63446	37.97496
621.09375	37.46512	7.01549	2.22998	32.12037
625.00000	31.18535	6.61236	5.85640	29.65633
628.90625	26.71297	9.83557	5.45337	31.30199
632.81250	19.93188	5.80599	4.24458	21.69262
636.71875	17.20650	1.37349	5.85639	12.84400
640.62500	14.25838	-1.44722	1.82704	11.33095
644.53125	14.07741	-6.68549	-0.18762	16.21694
648.43750	24.68200	4.99932	5.05051	24.06268
652.34375	24.13506	13.46068	7.06517	22.24828
656.25000	11.42750	7.01345	1.42408	20.72172
660.15625	7.14194	3.78972	-5.82877	15.08651
664.06250	5.44297	9.43047	-4.62005	10.84478
667.96875	8.18097	14.26537	2.22969	9.20703
671.87500	11.02466	14.66806	-2.20264	3.88386
675.78125	8.44246	7.41503	-8.24676	3.18681
679.68750	7.65120	4.19131	-0.18814	9.53800
683.59375	10.11193	7.81758	-0.18816	9.50482
687.50000	15.48740	4.99691	3.84107	8.49241
691.40625	16.06271	-1.85307	13.91424	14.15035
695.31250	14.29841	-2.25618	17.54058	20.28096
699.21875	9.33673	4.19057	14.71992	16.44181
703.12500	6.72379	9.02555	3.84080	12.19119
707.03125	13.15697	3.78720	3.84075	16.27561
710.93750	14.67489	-0.64522	7.46696	20.81782
714.84375	14.49398	7.01028	5.45212	18.82220
718.75000	17.43505	10.23349	7.86955	16.05328
722.65625	19.85188	4.18922	11.49582	22.92752
726.56250	19.72229	0.15963	9.07829	24.89849
730.46875	12.50578	4.18872	2.22846	20.66681
734.37500	9.83934	11.84429	7.86948	17.35085
738.28125	19.85736	12.24707	14.71920	13.20739
742.18750	20.07766	11.44102	5.85462	17.53251
746.09375	14.22876	7.41147	2.63097	17.83750
750.00000	9.96193	2.57606	6.25719	8.46268
753.90625	9.60684	11.84315	6.25715	16.27538
757.81250	12.97718	9.42521	11.09227	21.20098
761.71875	7.79887	-7.09522	9.88340	8.89417
765.62500	3.92593	-9.51307	7.86873	12.41414
769.53125	-0.20637	-9.11034	6.25694	12.41281
773.43750	-0.70352	-8.70761	0.21295	-2.93307
777.34375	11.30110	-2.66391	6.65983	-5.09227
781.25000	8.39594	-2.66412	5.45100	-1.38011
785.15625	-5.14608	-1.85845	-6.63693	-1.85210
789.06250	-1.88035	4.18527	-5.42826	3.50811
792.96875	3.49149	2.17026	1.01842	1.23327
796.87500	-2.09303	-9.11214	5.04766	-4.82790
800.78125	-5.93780	-9.11239	2.62993	-3.62479
804.68750	-3.72385	-3.87451	-4.62292	-9.25231
808.59375	-3.11674	-3.47172	-4.22008	-4.55104
812.50000	-3.18695	-0.24851	5.85302	0.97775
816.40625	-1.01222	4.58645	12.29977	-2.98467
820.31250	-0.15110	-1.05481	6.65858	-1.87284
824.21875	-7.92945	-0.65204	2.62916	0.68409
828.12500	-9.55614	6.19752	6.65835	1.93513
832.03125	-3.81103	10.62950	6.25529	5.97658
835.93750	-2.77981	16.67317	3.03173	8.50026
839.84375	-3.66061	16.67291	3.03152	3.06756
843.75000	-4.06769	10.62868	-1.80384	-2.26741
847.65625	3.78313	11.03137	-8.25090	6.44661
851.56250	-2.40503	17.47799	-3.01302	-3.50792
855.46875	-15.45067	14.25429	2.62786	-18.31695
859.37500	-17.67753	6.59835	1.01593	-15.39920
863.28125	-24.78081	0.15111	3.43330	-23.75410
867.18750	-34.41782	-3.07273	-3.41670	-36.54988
871.09375	-41.67411	-7.10244	-10.66962	-39.15598
875.00000	-43.45236	-7.10284	2.22395	-38.70592
878.90625	-43.41159	-8.31207	5.85021	-43.97714
882.81250	-39.85330	-2.67148	0.20904	-37.99327
886.71875	-42.76830	4.58081	-1.80578	-38.00831
890.62500	-45.86361	-1.46356	3.43202	-41.32963
894.53125	-36.41457	-0.25517	6.25224	-36.94745
898.43750	-30.49829	3.37097	1.41690	-35.92781
902.34375	-31.15958	4.57951	-4.22424	-40.15652
906.25000	-35.77735	-2.27070	-9.46248	-40.24086
910.15625	-32.69994	-3.88285	-9.05975	-30.97861
914.06250	-21.73300	5.38406	-5.03066	-21.90107
917.96875	-24.47046	3.77186	-1.00160	-20.26275
921.87500	-26.50775	-3.48141	0.20702	-19.37123
925.78125	-22.71613	-7.51120	1.01275	-18.27065
929.68750	-23.13310	-9.12323	0.60977	-10.11576
933.59375	-17.93767	-1.06494	-1.00213	-7.66435
937.50000	-10.41891	1.35233	2.62406	-10.27770
941.40625	-3.74106	-11.94466	4.63857	-7.07075
945.31250	-5.19977	-7.91561	0.20625	-9.97746
949.21875	-9.10230	0.54571	-3.82318	-7.74960
953.12500	-8.50369	-0.26041	-4.22623	-4.30447
957.03125	-7.28099	4.97751	-1.40588	-10.00022
960.93750	-8.39577	14.64760	-1.40604	-14.54208
964.84375	-6.20009	19.48245	-0.60030	-9.72577
968.75000	-3.50006	21.49682	-0.60038	-8.56845
972.65625	-6.31988	17.87024	-3.01807	-17.45719
976.56250	-4.17566	6.18502	-6.24161	-13.38409
980.46875	0.62332	-5.50015	-4.22695	-0.69075
984.37500	0.06625	-13.96192	-5.43579	-0.19523
988.28125	4.95662	-14.36509	-7.85345	3.94827
992.18750	0.30403	-11.94764	-3.42127	7.27889
996.09375	0.91481	-8.72430	1.41380	4.15349
1000.00000	11.22548	-10.33617	-3.01854	2.64926
1003.90625	13.59511	-14.36556	-12.68891	6.92437
1007.81250	15.46262	-13.96271	-7.85383	10.86300
1011.71875	16.61152	-16.78336	1.81649	8.66415
1015.62500	14.03748	-10.33651	1.01058	16.02318
1019.53125	12.93154	-5.50132	6.65160	16.02441
1023.43750	12.21961	-6.30728	11.48667	16.05858
1027.34375	5.85563	-4.69562	5.44265	14.59117
1031.25000	0.29896	-4.29284	1.41330	3.62598
1035.15625	-6.70874	-3.88999	2.62210	-4.36389
1039.06250	-6.34822	-3.89008	3.02509	-7.70952
1042.96875	-1.64701	-6.71060	3.02500	1.01202
1046.87500	0.31091	-15.97798	3.42776	7.87884
1050.78125	1.73797	-15.97802	2.62185	4.25795
1054.68750	-2.49088	-8.72537	1.41295	3.43841
1058.59375	-7.53056	-3.08446	6.65091	3.16906
1062.50000	-10.68408	2.15357	5.44202	-2.76288
1066.40625	-11.65030	9.00335	1.00974	-4.84464
1070.31250	-8.88537	13.43543	1.00974	0.49018
1074.21875	-8.35989	9.80905	1.00977	1.96247
1078.12500	-4.31564	3.36211	-1.40779	-1.30338
1082.03125	2.02694	-2.27906	-6.64593	0.29611
1085.93750	4.62191	2.15308	-5.84006	5.02507
1089.84375	7.51727	10.21150	7.45664	10.86080
1093.75000	5.90968	9.80840	4.63604	8.94320
1097.65625	-3.55283	11.01706	-7.45198	0.22924
1101.56250	-6.63203	12.62868	-1.40813	-4.32167
1105.46875	-6.07696	11.01695	4.23276	-4.42094
1109.37500	-3.44704	14.24030	5.03858	2.73482
1113.28125	2.44761	11.01679	-0.19960	3.83738
1117.18750	-0.80882	10.21076	-2.61727	1.72522
1121.09375	-4.02828	9.40480	6.65009	1.91438
1125.00000	-6.68185	-0.66863	5.44124	-1.35562
1128.90625	-7.52804	0.94289	5.44124	3.91620
1132.81250	-5.84776	6.98671	4.63542	3.57379
1136.71875	-2.12644	9.00136	-2.21436	3.58941
1140.62500	0.56643	8.59838	-4.63197	3.28499
1144.53125	-4.04707	0.13676	-4.63204	-2.70828
1148.43750	-1.09841	2.95708	-4.63220	-2.51844
1152.34375	6.41303	14.64186	-1.00599	2.11383
1156.25000	4.58434	13.83584	4.23201	4.21336
1160.15625	1.91024	6.98579	4.23189	-1.82493
1164.06250	0.21108	11.01499	-1.00623	-1.23168
1167.96875	2.54602	5.77678	3.82903	3.57738
1171.87500	6.19547	-3.49071	11.08182	2.68641
1175.78125	-0.81905	4.56771	0.60553	-3.24869
1179.68750	-3.22216	8.59684	-7.85618	-4.55325
1183.59375	-0.76143	2.14984	-7.05038	1.45746
1187.50000	-1.42998	-2.28253	-5.84160	3.66841
1191.40625	3.57741	-0.67092	1.00807	5.29696
1195.31250	2.61888	6.58168	13.09593	1.75717
1199.21875	-3.14873	-0.26833	11.48414	5.17063
1203.12500	5.52033	-8.32698	8.26066	9.78439
1207.03125	13.56520	2.55216	8.26055	5.40726
1210.93750	-0.22830	6.58132	1.81355	-4.55622
1214.84375	-9.27381	3.35774	-1.40997	-11.79002
1218.75000	-6.33272	5.77521	-5.84226	-17.78239
1222.65625	-12.37749	0.13396	-6.64819	-28.23418
1226.56250	-18.14829	-9.53663	0.20157	-27.06911
1230.46875	-18.11218	-10.34264	7.85723	-13.57180
1234.37500	-20.37576	-12.35743	9.46882	-11.24668
1238.28125	-20.43106	-9.13420	-2.61925	-17.40482
1242.18750	-14.16685	-12.76080	-13.09560	-15.90016
1246.09375	-6.71908	-23.23706	-7.45465	-7.93948
1250.00000	-5.74777	-20.41676	0.60378	0.01164
1253.90625	-10.13205	-13.97004	2.21531	-1.04020
1257.81250	-7.97041	-5.91157	4.63284	-8.60539
1261.71875	-8.31353	0.13219	0.20053	-13.65938
1265.62500	-7.35135	-3.09139	-11.08157	-6.91599
1269.53125	-0.20147	-10.34415	-1.81424	1.94718
1273.43750	10.58360	-16.38812	4.22954	6.34501
1277.34375	10.76107	-17.19403	-0.20284	-0.39312
1281.25000	2.82074	-10.74718	3.82628	-11.45565
1285.15625	3.23273	0.13189	1.40853	-14.99974
1289.06250	-2.12578	3.75821	-8.66485	-17.86124
1292.96875	-11.75453	1.74340	-9.47081	-17.17358
1296.87500	-11.46572	-5.91253	-5.84456	-6.99860
1300.78125	-3.91972	-13.16551	-1.81539	-5.72562
1304.68750	4.17943	-6.31594	4.22839	-3.90054
1308.59375	1.48751	0.13080	-2.21862	-3.29492
1312.50000	-1.02376	-0.27225	-7.05393	-10.50123
1316.40625	2.14819	-3.49577	-2.62173	-7.98327
1320.31250	-1.00739	-8.73407	-4.23353	-6.06987
1324.21875	-4.93925	-2.69031	-10.27768	-4.08344
1328.12500	-3.33804	5.77111	-6.24852	-0.78590
1332.03125	-1.56776	7.78563	1.00411	-4.61380
1335.93750	-1.58156	14.63528	-1.01060	-1.73129
1339.84375	-2.14351	17.85862	-3.02535	-4.43102
1343.75000	-2.36815	6.97939	1.40674	-4.27122
1347.65625	8.37890	1.74126	4.22712	15.04804
1351.56250	14.82149	11.81439	3.42113	11.37054
1355.46875	-1.29775	11.81427	1.40633	-4.75938
1359.37500	-10.55340	9.39651	-5.84651	-6.04818
1363.28125	-1.00436	13.42561	-11.89052	-2.45432
1367.18750	-0.02888	14.63433	-5.84670	-0.92432
1371.09375	-2.21923	6.57569	-11.48792	4.81704
1375.00000	5.42012	-1.88600	-13.90558	15.97702
1378.90625	3.98189	-0.27444	-0.20604	12.04525
1382.81250	-2.46303	3.75480	5.03196	-0.65193
1386.71875	-2.37212	4.15757	1.80843	-1.15982
1390.62500	-1.51536	-5.10997	0.19657	5.54570
1394.53125	-2.78066	-10.34823	2.61404	4.47632
1398.43750	-2.45794	1.73959	3.01687	-0.11181
1402.34375	-1.50936	8.18631	3.01679	-3.29945
1406.25000	-1.07002	9.79796	-1.01262	-2.58486
1410.15625	4.04147	14.23004	-3.83325	2.67901
1414.06250	-1.72115	12.21521	4.22520	6.27417
1417.96875	-4.08531	2.54471	7.85154	5.43034
1421.87500	6.68866	0.93283	3.01629	3.70169
1425.78125	6.69594	4.96206	-4.23659	3.66108
1429.68750	-4.88747	2.14141	-9.47480	3.87378
1433.59375	-9.93282	-1.88806	-3.83390	7.27276
1437.50000	-11.77896	-3.49993	3.41878	-0.73997
1441.40625	-7.68869	-5.91771	7.04517	-5.43942
1445.31250	-4.86398	-5.11194	1.40408	0.65036
1449.21875	-1.30418	5.76724	1.00107	3.89202
1453.12500	3.61353	17.45219	9.86547	9.49118
1457.03125	-0.15337	21.88441	6.23894	8.37613
1460.93750	-5.15700	9.79642	-3.43144	-0.10296
1464.84375	-3.51816	-3.50043	-7.05795	-5.98090
1468.75000	0.28659	-3.90350	-4.23750	1.92729
1472.65625	-0.16320	-5.51521	-7.05812	10.51602
1476.56250	-2.65055	1.73750	-14.71386	12.63559
1480.46875	-0.62725	8.18427	-7.46120	6.81541
1484.37500	7.10419	2.54319	3.82081	0.68619
1488.28125	4.31757	0.93127	-6.65547	-6.05039
1492.18750	-4.33673	5.36336	-13.10246	-11.80963
1496.09375	-0.73402	5.36322	-1.41757	-2.06054
1500.00000	0.25736	-4.30726	-2.62650	2.82325
1503.90625	2.01772	-10.75419	2.20854	4.93222
1507.81250	3.53554	-11.56018	7.84946	7.75922
1511.71875	1.16901	-13.97782	3.41701	6.58350
1515.62500	0.36004	-18.00723	5.43153	7.40538
1519.53125	-3.31078	-19.21613	0.99925	9.67793
1523.43750	-6.69242	-18.81335	-8.26818	6.75237
1527.34375	-8.10330	-13.17244	-9.07412	-0.96893
1531.25000	-3.78911	-7.93448	-2.62734	2.84112
1535.15625	4.66354	-15.99326	5.02823	9.20607
1539.06250	3.97824	-8.33777	-0.21003	1.18875
1542.96875	1.11640	4.15296	-5.04532	-4.73667
1546.87500	-2.79843	-2.29409	1.40157	1.60892
1550.78125	-1.88274	-3.90596	4.62495	5.97745
1554.68750	2.91206	-0.68272	4.62487	8.18221
1558.59375	1.97793	-7.53271	0.19257	13.21792
1562.50000	2.87792	-11.56199	-5.85151	13.17187
1566.40625	2.52693	-7.53267	-5.85169	11.46020
1570.31250	0.04177	-10.35326	-6.25484	11.96483
1574.21875	-1.26420	-8.33873	-7.86680	7.15824
1578.12500	-0.04449	-1.48896	0.19162	3.86105
1582.03125	-4.63504	2.94314	0.99737	7.28638
1585.93750	-5.02401	0.92837	-2.62911	6.41885
1589.84375	6.82012	-5.11569	-4.24095	9.11864
1593.75000	5.03010	2.94279	-6.25577	1.70618
1597.65625	-6.11983	17.85116	-4.24114	-11.56896
1601.56250	-10.54781	23.08913	-7.86764	-11.11489
1605.46875	-10.94873	11.00104	-8.67357	-6.26690
1609.37500	-8.94583	-0.68418	-3.43551	-4.17215
1613.28125	-1.97485	7.37418	1.39953	1.90420
1617.18750	7.12279	16.64135	6.63748	3.19456
1621.09375	6.08966	10.59731	-1.01830	-5.77039
1625.00000	5.30005	4.55330	-8.67398	-2.42492
1628.90625	4.72359	8.58239	-12.70334	0.70089
1632.81250	3.51280	15.83485	-8.27124	-0.30142
1636.71875	10.67463	14.62582	-0.21268	-0.59921
1640.62500	9.41509	7.77591	-1.01870	-3.67826
1644.53125	-0.60168	6.56697	0.99577	0.61468
1648.43750	-3.74501	5.35797	-2.63068	2.78535
1652.34375	-1.47014	-3.10378	-5.45123	-0.07080
1656.25000	-6.34176	-1.49221	0.59260	-4.41177
1660.15625	-2.18591	11.40133	-3.43683	-4.43744
1664.06250	1.15905	12.60999	-6.66039	0.83192
1667.96875	-3.32674	2.53664	5.02451	2.48162
1671.87500	-6.04214	-0.68691	7.03909	-5.86290
1675.78125	-8.06406	6.96858	-0.21384	-12.26904
1679.68750	-7.76270	11.80367	-7.46679	-12.88462
1683.59375	-3.92604	4.55094	-15.12261	-13.46295
1687.50000	1.94952	-0.28426	-9.07879	-9.88225
1691.40625	4.30624	0.92441	-3.03497	-12.83828
1695.31250	-0.93591	-1.49334	-6.66148	-9.66055
1699.21875	-6.10727	-7.53759	-3.03535	-6.05228
1703.12500	-5.38387	-1.89668	2.20259	-14.06888
1707.03125	-2.01972	10.19115	6.63477	-6.90982
1710.93750	-5.88035	2.53544	11.46989	-2.86273
1714.84375	-11.95130	-2.29980	7.03764	-9.87841
1718.75000	-4.47386	10.59397	3.41110	-3.68393
1722.65625	0.40836	11.39978	-1.02127	-3.00498
1726.56250	-6.77444	-2.29991	-10.69166	-3.51247
1730.46875	-7.58875	-2.29998	-3.43906	-2.12427
1734.37500	-3.23199	-3.91182	9.05165	-8.48556
1738.28125	2.77826	-11.56769	-1.42465	-10.21018
1742.18750	3.37410	-8.74718	-3.43943	1.59327
1746.09375	0.17442	0.92312	3.00729	4.33535
1750.00000	-2.42856	13.01097	-1.42513	-1.75692
1753.90625	-4.99463	16.63714	-3.03697	-1.04501
1757.81250	-4.90055	7.36953	-2.63404	-3.87166
1761.71875	-8.17483	-0.28637	3.00697	-3.90441
1765.62500	-3.73923	-4.71869	-2.63421	-1.50256
1769.53125	1.94642	-14.38913	-7.46948	-4.58076
1773.43750	-1.52163	-20.83608	-3.84323	-3.26676
1777.34375	1.09821	-14.79219	3.00651	5.26060
1781.25000	-0.79841	-10.36010	5.42394	-0.16095
1785.15625	-8.44518	-15.19543	-3.84353	-5.71981
1789.06250	-8.16288	-14.38970	-7.06703	-4.95503
1792.96875	-7.71861	-9.55463	0.18562	-4.26741
1796.87500	-4.60953	-9.55472	-3.03790	-3.35988
1800.78125	-4.71932	-17.21048	-8.27611	-2.89292
1804.68750	-6.29059	-24.06039	-1.42638	0.94665
1808.59375	-5.75924	-13.58424	-2.23223	-1.26835
1812.50000	0.99679	6.96506	-5.05279	-5.25128
1816.40625	6.58618	4.54736	-6.26169	-7.56865
1820.31250	5.04228	-4.31725	-15.12630	-5.25251
1824.21875	2.72210	-2.30263	-12.70889	-3.66924
1828.12500	-0.10905	-3.91431	-4.24748	-7.62459
1832.03125	-3.57695	0.11494	-2.23291	-6.61747
1835.93750	-1.97916	1.72656	1.79637	-6.15265
1839.84375	0.68229	-5.12341	5.42269	5.25019
1843.75000	4.08407	-4.72053	4.61673	10.24511
1847.65625	1.93722	-9.15284	2.60187	-3.07307
1851.56250	0.72407	-12.37633	3.00463	-6.34773
1855.46875	7.97464	-3.10898	4.61619	4.11560
1859.37500	10.40386	1.72616	3.81024	10.07935
1863.28125	3.43270	2.93481	-3.84554	5.61464
1867.18750	2.79635	7.36693	-4.24853	4.32411
1871.09375	1.00887	16.63422	0.18349	5.63330
1875.00000	-5.05145	17.84290	3.40672	7.12295
1878.90625	1.97183	9.78418	3.40652	6.01172
1882.81250	10.43534	-2.30384	7.43566	6.20829
1886.71875	11.73507	-3.91559	6.22675	7.31217
1890.62500	4.93607	9.38100	1.79446	3.54157
1894.53125	0.85026	17.43952	9.85296	6.09857
1898.43750	6.41120	17.43946	8.64407	7.15146
1902.34375	9.37444	14.21600	5.42052	3.15791
1906.25000	6.59033	6.15747	-0.22056	5.08131
1910.15625	6.86651	-2.30409	-5.05589	6.31578
1914.06250	5.93897	1.72519	7.43477	7.49327
1917.96875	-0.05162	5.75440	11.46391	9.06685
1921.87500	0.64899	4.14253	4.61396	6.93508
1925.78125	5.89423	11.39518	1.39032	5.28261
1929.68750	-0.04827	-1.09573	5.82239	5.89808
1933.59375	0.95029	-17.21297	-3.04236	-1.17919
1937.50000	14.41538	-5.52807	-7.47485	8.13396
1941.40625	14.47628	8.17138	3.80696	17.13394
1945.31250	1.98952	5.35078	3.80678	-5.78736
1949.21875	-0.09170	4.54477	-2.64027	-10.60441
1953.12500	-4.03839	12.60318	-7.47553	-3.79647
1957.03125	-5.79069	13.00606	-4.25216	0.32674
1960.93750	4.51698	6.15618	2.59750	7.56190
1964.84375	4.14113	-2.30540	4.61193	3.29566
1968.75000	-2.12742	-6.33470	4.61176	-2.49591
1972.65625	-4.18889	-3.11129	4.61162	-1.96591
1976.56250	-3.85571	-5.12598	2.59681	2.16816
1980.46875	-1.02656	-5.93188	0.98486	1.98893
1984.37500	1.86959	-2.70851	5.01397	1.90362
1988.28125	-2.12585	-10.76718	2.99908	4.83733
1992.18750	-1.91578	-8.34981	1.79006	2.30138
1996.09375	0.47814	1.72332	5.81920	-2.05218
2000.00000	-5.38023	2.93198	-6.67173	-0.39186
2003.90625	-5.63434	-1.09732	-13.92456	5.74632
2007.81250	2.33052	-1.90321	0.98377	4.14102
2011.71875	9.63422	2.93180	11.45991	2.96529
2015.62500	12.04861	4.94638	16.29498	12.24867
2019.53125	8.78064	-3.51509	8.63906	14.92405
2023.43750	10.23423	-9.15610	-6.26959	10.78969
2027.34375	14.86740	0.51432	-2.64330	6.69466
2031.25000	8.30257	7.76707	1.38586	-1.98608
2035.15625	5.87631	2.52886	3.80327	-8.51490
2039.06250	12.44397	-2.70935	-2.64382	-5.65316
2042.96875	11.59683	2.93154	-7.07623	4.53863
2046.87500	2.84678	6.55778	0.17640	11.28714
2050.78125	-2.28147	2.93120	0.17633	6.79109
2054.68750	1.70752	1.31938	0.17627	7.38396
2058.59375	4.39963	6.15445	0.98201	7.98740
2062.50000	7.31400	-1.50126	-1.03278	5.92644
2066.40625	9.38029	-16.00675	-5.86813	11.87015
2070.31250	9.31259	-8.35105	-0.63024	11.56884
2074.21875	9.21534	-3.51582	4.20471	7.56810
2078.12500	6.80857	-11.97740	-1.03360	12.32952
2082.03125	3.42684	-11.17161	-6.27191	16.96360
2085.93750	3.44089	-4.32183	-9.09256	15.29022
2089.84375	2.39138	-7.14238	-6.67511	10.73748
2093.75000	-0.20437	-4.72488	0.98036	2.51934
2097.65625	5.56893	-6.73964	6.21830	2.13812
2101.56250	9.60269	-12.78370	5.41233	7.02468
2105.46875	-2.48304	-3.91922	-1.84050	3.00833
2109.37500	-12.16495	0.11004	-8.69040	-8.99931
2113.28125	-10.02887	-0.69589	-1.43780	-8.56380
2117.18750	-1.73678	3.33332	-2.64674	2.39713
2121.09375	-1.56084	6.55678	-12.72012	-2.13533
2125.00000	-14.03515	-5.12821	-3.85585	-14.10103
2128.90625	-14.20841	-16.00738	-0.63254	-8.15442
2132.81250	-9.37499	-20.03686	-6.67660	-5.12718
2136.71875	-7.04802	-7.14313	6.21703	-4.21597
2140.62500	-10.32199	2.52720	8.23157	0.76379
2144.53125	-7.84765	-2.30803	0.57580	-3.00170
2148.43750	1.90306	0.10954	4.60494	3.60154
2152.34375	-1.46289	-1.09929	2.18714	5.17774
2156.25000	-4.72258	-3.91980	-7.08040	-6.41573
2160.15625	-1.37234	-2.30819	-14.73616	-7.65004
2164.06250	-0.04180	-3.92001	-5.06604	-0.36574
2167.96875	3.53117	-5.12893	1.38067	6.11942
2171.87500	8.47161	-5.12905	-5.46930	5.83379
2175.78125	6.04696	-7.94962	-5.06652	1.44249
2179.68750	-1.71021	-4.32336	5.81261	2.43886
2183.59375	-3.11163	3.33220	9.03601	5.08405
2187.50000	1.55518	1.31743	4.60363	7.05315
2191.40625	3.50909	-14.79987	3.39471	2.88843
2195.31250	-0.52427	-17.21750	4.60335	-2.79814
2199.21875	-2.47227	-0.69747	2.99145	-3.21908
2203.12500	-2.55473	5.74940	-2.64972	3.67287
2207.03125	-4.42865	7.76406	-1.44096	0.35587
2210.93750	-5.46875	15.41976	3.39408	-3.25269
2214.84375	-7.51038	13.00223	4.19968	-6.23901
2218.75000	-6.88275	8.56991	6.61703	-3.26794
2222.65625	-10.46215	4.54054	4.60219	4.26076
2226.56250	-7.16879	-6.74161	4.60205	2.54441
2230.46875	-1.53619	-9.15937	4.60193	3.12672
2234.37500	-5.64102	3.73426	-0.23336	4.42105
2238.28125	-6.07774	11.79273	2.98995	0.27871
2242.18750	-3.06436	13.00151	-0.23364	-11.28776
2246.09375	3.80926	13.80737	-7.88947	-6.53108
2250.00000	6.84735	11.79275	-2.24854	3.49385
2253.90625	0.65476	12.59851	-0.23405	-4.65879
2257.81250	1.55458	8.97203	-0.23424	-9.50028
2261.71875	6.74188	4.53971	3.79491	2.15184
2265.62500	12.38624	0.91325	5.00358	14.62695
2269.53125	12.02793	-3.11617	-0.23466	11.54876
2273.43750	12.99212	0.10716	-5.47288	9.23637
2277.34375	21.65590	7.76273	0.16789	16.95796
2281.25000	20.96809	9.77719	-2.24990	19.99791
2285.15625	14.12724	-2.31089	-11.51752	13.23026
2289.06250	13.60380	-18.42810	-6.27950	12.38339
2292.96875	13.64525	-7.14602	-5.47373	15.48858
2296.87500	16.35145	8.56829	-9.90608	19.21659
2300.78125	17.85345	14.20926	-6.27978	18.47486
2304.68750	11.04420	20.65616	7.01689	13.04713
2308.59375	9.56101	15.41807	7.41968	11.23513
2312.50000	6.64662	8.56825	1.77856	2.41701
2316.40625	4.17748	7.76233	0.97247	3.72607
2320.31250	8.67750	7.35930	-3.45989	12.08611
2324.21875	9.17786	2.52409	4.19561	20.51927
2328.12500	10.77884	-0.29649	2.18086	21.80192
2332.03125	5.29618	-3.11712	-7.89249	6.69176
2335.93750	-0.35883	-13.99641	-3.86328	-4.52855
2339.84375	-0.11501	-11.17596	2.58354	-0.78144
2343.75000	2.48088	6.55307	7.82151	-4.65106
2347.65625	4.76629	15.01473	4.59792	-13.13407
2351.56250	7.58240	9.37369	0.56840	-11.57361
2355.46875	14.02714	6.95601	2.98577	-5.54253
2359.37500	13.23286	8.56766	-3.86420	-9.24902
2363.28125	7.87331	9.77639	-9.10237	-11.29606
2367.18750	10.46045	5.74705	-3.86441	-7.75129
2371.09375	6.25531	0.91179	1.77647	0.40779
2375.00000	3.82142	0.10586	-5.47644	3.10632
2378.90625	7.21838	-3.52060	-9.10295	1.18924
2382.81250	6.81744	-1.10312	-3.46199	7.42970
2386.71875	5.29653	-0.29728	-2.25336	2.48950
2390.62500	-0.29379	-1.50603	-6.28284	-8.53405
2394.53125	0.05255	0.10568	-5.88002	-11.61827
2398.43750	6.41930	-1.10306	-2.65675	-10.96850
2402.34375	4.14445	-6.74404	-4.67152	-6.09749
2406.25000	0.55456	-11.57923	-4.26872	-1.35355
2410.15625	0.83081	-14.39970	-2.25425	1.08973
2414.06250	0.70923	-14.80266	-4.67202	0.25256
2417.96875	1.16564	-7.54989	-2.65753	4.24381
2421.87500	-2.16307	0.10583	-1.85183	9.76771
2425.78125	-6.99100	-5.13232	-2.25490	8.11529
2429.68750	-2.45724	-15.60855	3.78885	11.55141
2433.59375	0.55603	-20.84672	3.38576	11.32400
2437.50000	-0.88716	-18.02630	0.16214	7.34046
2441.40625	1.99429	-8.35604	-6.68786	5.86432
2445.31250	6.43070	6.55252	-8.70267	10.74526
2449.21875	2.73781	12.59656	-1.85303	3.51081
2453.12500	-4.43231	5.74673	5.39955	-5.79861
2457.03125	-1.75232	2.12014	8.21991	-0.86972
2460.93750	2.10856	-2.71517	-2.25636	-4.51363
2464.84375	-3.10246	-4.32701	-11.12102	-5.55632
2468.75000	-0.90950	-4.32705	-4.27133	-4.90084
2472.65625	3.07283	-11.17683	2.17534	3.68780
2476.56250	5.42055	-9.96802	2.17521	11.04536
2480.46875	-0.61479	-4.32699	0.56346	-0.41590
2484.37500	-3.35957	1.31415	4.59266	-3.32171
2488.28125	-0.10222	-0.29749	1.77201	0.41788
2492.18750	-12.38293	-5.13252	-5.88383	-11.78838
2496.09375	-18.04758	1.71736	-1.85466	-16.94783
2500.00000	-17.45908	7.35821	5.80091	-11.25815
2503.90625	-17.71325	2.92575	2.98020	-13.17861
2507.81250	-10.15141	2.11977	-7.49618	-11.15751
2511.71875	-3.65345	3.73154	-1.04939	-2.66282
2515.62500	-5.26816	-5.53577	10.23264	-0.63211
2519.53125	-9.74483	-12.38562	1.36794	-4.40339
2523.43750	-16.34984	-13.99732	-6.28797	-8.53759
2527.34375	-14.94019	-12.78854	1.77055	-6.99143
2531.25000	-7.80529	-4.32694	1.77043	-0.76367
2535.15625	-7.81403	-0.70047	0.96442	2.37786
2539.06250	-6.48454	-5.13267	0.96435	4.43378
2542.96875	-8.13753	-12.78839	-1.45332	4.95509
2546.87500	-7.21718	-13.59429	-2.25931	-1.99609
2550.78125	-3.88380	0.91117	-1.45360	-11.32722
2554.68750	-5.53577	14.20780	5.39599	-15.97231
2558.59375	1.18576	16.62526	2.57529	-9.72775
2562.50000	2.89154	12.59588	-3.46879	0.70246
2566.40625	-1.48882	7.35782	-4.27477	-1.81509
2570.31250	-1.55640	8.16371	-7.09545	-2.92203
2574.21875	-5.68288	9.37259	-5.08089	-5.31091
2578.12500	-6.07493	6.55223	1.36591	-13.84601
2582.03125	-1.39798	-5.53556	1.36569	-8.40589
2585.93750	-2.18978	-25.27913	-6.29023	-1.61776
2589.84375	-2.03051	-34.94943	-1.45516	-2.14121
2593.75000	4.64105	-33.74056	4.18571	4.54914
2597.65625	7.19091	-28.09967	7.40906	9.00314
2601.56250	6.79241	-20.44417	7.00607	9.05452
2605.46875	9.61514	-13.19156	5.79716	13.09678
2609.37500	11.61834	-13.99745	10.22937	13.98306
2613.28125	8.91937	-21.25017	5.39404	10.38935
2617.18750	1.90017	-17.22088	1.76747	9.66536
2621.09375	-2.75908	-17.62387	0.15552	5.53586
2625.00000	-5.56303	-27.29420	-5.08273	0.42002
2628.90625	-6.94508	-34.14395	-4.67992	3.14305
2632.81250	-1.30582	-35.35273	-2.66538	3.34958
2636.71875	-3.00825	-29.30874	1.76677	-1.38026
2640.62500	-7.89413	-20.04128	3.37831	-2.04160
2644.53125	-7.43450	-19.63831	-3.87465	-3.79253
2648.43750	-4.53370	-21.65305	-0.65138	-6.45686
2652.34375	0.15894	-13.19160	2.57190	-5.28356
2656.25000	-1.48899	-5.13305	-14.35137	-6.80378
2660.15625	-2.16805	-5.53594	-16.36614	-6.82931
2664.06250	1.17716	-9.56527	-4.68128	-3.17133
2667.96875	3.13853	-13.99745	3.37715	-1.52127
2671.87500	9.28775	-9.16232	-1.86111	-0.19521
2675.78125	6.86307	-11.98284	-1.05540	4.68079
2679.68750	-7.34091	-28.90591	2.57086	-3.99311
2683.59375	-15.18921	-32.53224	-0.65273	-11.42113
2687.50000	-14.14863	-22.05612	3.37638	-8.24327
2691.40625	-15.01520	-10.37108	-0.65311	-10.39332
2695.31250	-14.61628	-5.53578	-7.10019	-13.66232
2699.21875	-11.32605	-6.34171	-4.68278	-8.84529
2703.12500	-12.21431	-0.29780	-13.14447	-13.23544
2707.03125	-8.85013	5.34318	-22.41203	-14.94070
2710.93750	-4.65214	4.13426	-14.35364	-5.25255
2714.84375	-5.88789	1.31371	-5.48934	-5.82129
2718.75000	-3.24554	0.50784	2.16610	-8.89413
2722.65625	-6.01897	-10.77419	7.40408	-2.97701
2726.56250	-7.56076	-14.80355	7.00108	0.94776
2730.46875	-4.74862	-5.13322	-2.66943	-6.52856
2734.37500	-10.86807	-6.34206	-11.53409	-16.51626
2738.28125	-15.33406	-10.37141	-6.69902	-18.24106
2742.18750	-7.88840	-4.32748	-0.65529	-18.52553
2746.09375	-4.64107	1.31358	0.55331	-5.71022
2750.00000	-3.61768	1.31359	0.55322	-0.11758
2753.90625	-1.75160	4.93986	0.95601	-3.03215
2757.81250	-0.85177	10.98387	-0.65586	6.63190
2761.71875	5.54424	6.14881	2.97037	3.77851
2765.62500	5.14456	-3.92432	-1.86501	2.55392
2769.53125	5.99502	-5.53603	-5.49152	6.32542
2773.43750	3.33279	-9.16253	-0.25360	3.60993
2777.34375	-2.10617	-14.80361	3.37258	4.07862
2781.25000	-1.18231	-2.31268	7.80469	8.73013
2785.15625	2.04994	13.40168	11.83380	4.78290
2789.06250	2.73513	18.63977	9.41597	-7.74914
2792.96875	-0.84991	8.96948	8.60995	-8.27052
2796.87500	-0.56147	-5.53600	7.40100	-4.13987
2800.78125	1.74625	-4.73014	-3.88123	-9.31408
2804.68750	2.99540	5.34311	-5.09020	-5.47468
2808.59375	1.10912	7.76070	-0.65807	4.39813
2812.50000	-2.61123	-2.31257	-6.70215	4.44429
2816.40625	-3.06586	-10.77399	-9.11992	3.33559
2820.31250	-1.78946	-5.53582	-5.49364	-1.60119
2824.21875	1.93418	3.73160	-0.25573	-1.22680
2828.12500	-0.89718	3.32870	-3.07651	2.07025
2832.03125	-1.54479	3.32879	-5.09139	5.89762
2835.93750	2.47041	8.16405	4.17575	6.36217
2839.84375	3.51990	12.99935	7.39896	4.06512
2843.75000	0.87753	8.56708	0.54899	4.22466
2847.65625	-7.71632	-1.90920	-5.09225	-10.30260
2851.56250	-7.72069	-6.34150	2.16030	-14.38332
2855.46875	-2.88772	-5.53566	6.59243	-0.29375
2859.37500	-1.66738	-5.93869	4.98061	2.04359
2863.28125	0.62870	-8.35626	5.38329	-8.86805
2867.18750	-0.41063	2.92586	7.39769	-6.93516
2871.09375	0.62234	6.95517	7.39753	0.82083
2875.00000	-1.00590	0.91125	-0.25821	3.92216
2878.90625	-6.07058	-5.13259	-5.49643	4.42263
2882.81250	-0.42769	-3.11786	-0.25850	2.60441
2886.71875	4.49825	7.76128	4.97947	3.30516
2890.62500	4.54899	4.94067	-7.91447	1.54918
2894.53125	5.70121	0.50846	-8.72060	-1.53503
2898.43750	10.05315	0.50849	0.94942	1.93522
2902.34375	6.16639	4.13483	-0.66244	1.16497
2906.25000	-4.67643	9.77583	-1.87139	-6.58213
2910.15625	-4.40027	2.12005	-1.46867	-6.95941
2914.06250	-1.70136	-5.93864	6.58969	-6.58785
2917.96875	-5.67724	-0.29769	4.57486	-1.38794
2921.87500	3.48499	1.71706	-1.06634	4.94187
2925.78125	5.90981	0.91122	2.55991	7.31870
2929.68750	-1.24147	5.34356	0.94790	7.12820
2933.59375	3.38345	5.34364	2.55935	2.06540
2937.50000	10.40166	3.32905	6.18550	9.76677
2941.40625	12.47715	10.17892	9.81178	15.94623
2945.31250	4.01972	-1.90892	3.36469	4.70983
2949.21875	-6.52309	-16.01149	0.14102	3.51914
2953.12500	-5.63479	-4.72952	4.97607	-0.95510
2957.03125	-3.76078	0.91145	5.37878	-10.93473
2960.93750	-5.94397	2.12029	-0.66542	-12.56423
2964.84375	-1.08165	6.95547	-5.90382	-5.95158
2968.75000	-0.09755	8.56731	-5.90405	-5.29635
2972.65625	-3.77093	8.16443	-4.29252	-3.55758
2976.56250	-7.46718	2.52344	-1.47229	-1.43817
2980.46875	-5.84699	2.52343	0.54215	-2.82622
2984.37500	-0.13027	-0.29712	-5.90487	-7.74681
2988.28125	3.12711	-7.95268	-3.48741	-5.21605
2992.18750	8.57534	-2.71451	4.16806	1.91833
2996.09375	5.73117	4.53828	6.58546	-3.64410
