 	TP9	AF7	AF8	TP10	
-1000.00000	2.97985	-1.21508	-5.83759	-10.13738
-996.09375	1.77098	-0.40977	-3.36186	-2.84646
-992.18750	-2.25851	1.60433	-2.88985	5.58078
-988.28125	-5.48214	0.39495	-3.83901	5.79120
-984.37500	-3.46779	-4.84367	-3.19904	9.98808
-980.46875	-2.66223	-7.26184	-0.61875	11.49379
-976.56250	-1.05087	-8.47120	0.59391	11.52644
-972.65625	5.39563	-10.48641	3.12260	15.28935
-968.75000	7.81291	-9.68112	4.67366	15.21734
-964.84375	3.38040	-5.65236	4.92440	7.63947
-960.93750	-2.26091	-6.45876	1.79031	-1.10922
-957.03125	-7.49932	-8.87691	1.32807	10.97879
-953.12500	0.55897	-8.87746	3.88763	7.24522
-949.21875	-0.24725	-9.28093	-0.92422	-6.78966
-945.31250	-13.94717	-8.47566	-5.07994	-6.37404
-941.40625	-14.75342	-7.67038	-3.04257	-5.63601
-937.50000	-13.54492	-7.26797	-4.38133	-4.88857
-933.59375	-6.29250	-5.65681	-5.42908	-4.04576
-929.68750	4.58632	-3.23973	-3.71064	-0.19610
-925.78125	5.79484	-6.06072	-3.79992	-1.43152
-921.87500	2.16821	-10.09053	-2.22394	1.13905
-917.96875	3.37678	-9.28522	-5.25094	-0.21153
-914.06250	5.39122	-6.86821	-7.09775	-0.85457
-910.15625	1.76471	-5.65993	-2.88053	10.41604
-906.25000	-5.08535	-4.85453	-1.31027	0.30355
-902.34375	-5.08555	-5.25800	-0.99191	-2.54055
-898.43750	7.00216	-1.22922	2.34723	6.88156
-894.53125	4.98731	1.59075	3.71843	1.10551
-890.62500	-5.48905	-0.02148	3.17762	-0.74325
-886.71875	-8.30986	-1.63377	3.19357	2.85837
-882.81250	-2.26612	-3.64894	3.87643	-0.15323
-878.90625	4.18064	-2.03772	5.92345	-2.94626
-875.00000	0.55415	-2.84409	6.47096	-0.58195
-871.09375	-1.86367	-6.06804	-0.44546	-7.88937
-867.18750	-5.08738	-8.48614	-5.60175	-12.70804
-863.28125	-10.72862	-12.11304	-4.54298	-5.80095
-859.37500	-15.96693	-12.51643	-7.81805	-6.72479
-855.46875	-13.14667	-12.11405	-8.91183	-9.54191
-851.56250	-17.17618	-12.92042	-6.89980	-8.60728
-847.65625	-17.57942	-14.12975	-5.53646	-7.71801
-843.75000	-12.74454	-13.32437	-4.08976	-1.35225
-839.84375	-19.99755	-10.10145	-5.43307	-1.63050
-835.93750	-26.44470	-10.10198	-6.97066	-6.83484
-832.03125	-19.59517	-7.68498	-7.32080	1.53338
-828.12500	-3.88107	-3.25326	-5.47643	2.11108
-824.21875	3.77436	-5.26847	-4.83834	-5.74499
-820.31250	1.75943	-4.86608	-7.87343	-0.95676
-816.40625	6.59434	-3.25495	-7.44751	1.49806
-812.50000	10.62337	-0.83790	-4.52864	-5.27115
-808.59375	13.04065	-0.03261	-5.42289	-1.75919
-804.68750	16.66665	-4.06246	-6.38690	5.19576
-800.78125	21.90443	-4.06302	-3.45326	5.77532
-796.87500	17.06905	-3.66069	-2.28183	6.59503
-792.96875	12.23365	-6.07879	-2.95471	6.43636
-789.06250	13.84521	-4.87052	-0.94475	6.05266
-785.15625	15.05380	-2.05055	0.93356	15.35162
-781.25000	11.02428	-3.25987	1.38050	12.52446
-777.34375	7.80066	-1.24575	0.87190	4.02693
-773.43750	8.60631	-0.03747	1.02797	8.85291
-769.53125	5.78550	-3.26145	1.10712	2.97874
-765.62500	3.77051	-3.66494	-0.20465	-3.08178
-761.71875	-7.10894	-1.24786	-1.02778	-4.48019
-757.81250	-13.95899	-0.03958	2.82103	-4.99454
-753.90625	-7.91531	-2.05478	4.19675	2.78425
-750.00000	-1.46868	-2.05529	1.53745	5.53597
-746.09375	4.17214	-0.84698	1.07592	3.08039
-742.18750	4.97777	-5.68266	-2.61995	3.51771
-738.28125	6.99210	-8.50363	-3.68580	3.71028
-734.37500	4.57425	-6.08652	-1.50554	3.54268
-730.46875	-2.27596	-6.89295	-2.87739	9.28971
-726.56250	3.36470	-6.08757	-1.26978	6.83965
-722.65625	-0.66497	-2.05884	1.03643	-2.16143
-718.75000	0.54347	-4.87988	0.69376	-0.47783
-714.84375	8.60179	-6.08922	-0.76614	-1.76459
-710.93750	2.15467	-8.10441	0.75591	-2.68635
-707.03125	-6.30709	-9.71669	0.41195	-3.08950
-703.12500	-6.30722	-7.70254	-2.55092	-4.19114
-699.21875	-3.88974	-6.09129	-2.17167	-4.25881
-695.31250	6.98923	-2.46548	-0.83678	-1.85389
-691.40625	8.60093	-2.46601	-2.06853	-0.57730
-687.50000	-6.71054	-2.06361	-2.74478	2.70449
-683.59375	-3.08435	-2.46712	-2.90611	2.66766
-679.68750	-0.26397	-7.70573	-2.20737	1.63863
-675.78125	-1.47282	-6.90042	2.71680	7.30648
-671.87500	0.13872	-6.09504	1.94636	15.21227
-667.96875	-3.08488	-8.91612	-1.47385	15.35407
-664.06250	-7.51715	-7.70786	2.79016	8.34138
-660.15625	-13.56111	-6.09665	4.61653	5.53231
-656.25000	-11.14365	-7.30598	3.44887	6.37746
-652.34375	-5.90578	-5.29190	5.54775	9.22161
-648.43750	-7.51778	-3.27780	5.43169	11.48455
-644.53125	-12.75604	-4.89003	5.26902	8.79916
-640.62500	-11.54743	-3.27890	1.37727	7.02162
-636.71875	-11.54771	-2.47361	-1.86248	7.04626
-632.81250	-10.74206	-4.08583	2.28945	7.23726
-628.90625	2.55440	-5.29516	2.65967	4.38932
-625.00000	-3.89278	-8.11620	1.30594	-4.82481
-621.09375	-15.98101	-9.32556	2.98390	-5.97903
-617.18750	-5.50521	-7.31148	4.51351	-7.20446
-613.28125	3.76184	-5.70036	5.87195	-10.88815
-609.37500	6.17909	-7.31260	3.90857	-10.36744
-605.46875	2.55241	-7.31314	2.18147	-6.74463
-601.56250	1.34322	-5.70199	0.16903	-9.69410
-597.65625	4.96918	-8.12005	-1.59768	-20.65693
-593.75000	0.53659	-9.73232	2.19332	-14.12910
-589.84375	-0.67261	-7.71819	3.53621	-7.00137
-585.93750	5.77388	-4.89817	1.84992	-9.45286
-582.03125	4.56469	-6.51045	4.61726	-3.31576
-578.12500	9.80244	-6.10803	2.77249	-1.47607
-574.21875	11.41377	-4.89977	-1.08947	3.15624
-570.31250	4.56359	-5.70622	1.94518	9.24684
-566.40625	8.59253	-7.72144	5.14519	6.38880
-562.50000	4.15992	-5.70737	2.22601	4.69624
-558.59375	-2.69018	-0.87273	0.29942	1.18416
-554.68750	-3.89927	0.73841	0.05418	-6.17378
-550.78125	-8.33186	1.54372	-1.26805	-14.40910
-546.87500	-10.34682	2.75199	-0.42515	-14.82605
-542.96875	-10.34715	3.55731	-2.17021	-13.05573
-539.06250	-7.52697	3.15388	-7.00103	-12.67218
-535.15625	-3.90086	5.57088	-9.28268	-17.13620
-531.25000	-3.90122	6.77910	-8.92417	-22.36799
-527.34375	-7.12506	4.76384	-7.61002	-20.31752
-523.43750	-9.14009	8.79256	-4.54299	-13.45879
-519.53125	-2.69354	11.20963	-1.80200	-10.80833
-515.62500	2.54421	6.77683	0.31523	-11.19497
-511.71875	2.54382	5.97043	-2.48841	-11.81148
-507.81250	9.79624	7.17868	-4.72594	-19.75904
-503.90625	12.61647	6.37227	-4.89325	-21.89706
-500.00000	10.19858	3.14828	-6.26370	-21.82861
-496.09375	8.18357	-1.68747	-3.38507	-23.40259
-492.18750	7.78029	-0.88212	-0.89841	-20.61665
-488.28125	2.54184	-2.09148	-0.23586	-11.54201
-484.37500	-7.93471	-8.53892	-1.20771	-8.15121
-480.46875	-12.36727	-10.15116	-2.25382	-15.10722
-476.56250	-11.15874	-9.74881	-2.25007	-15.07489
-472.65625	-13.17367	-10.95816	-0.52729	-10.10334
-468.75000	-15.18870	-14.18216	-1.39383	-8.96659
-464.84375	-5.92163	-13.37680	-4.76951	-6.06827
-460.93750	6.97191	-8.94515	-1.85982	-0.71444
-457.03125	4.15116	-7.33392	-0.30748	-5.54958
-453.12500	0.52452	-8.14030	-1.77727	-2.03048
-449.21875	13.01506	-10.15548	-1.75401	2.87231
-445.31250	6.97070	-8.54433	-0.67171	-1.95034
-441.40625	-5.11758	-5.72436	-0.64912	2.01105
-437.50000	-1.08860	-6.93371	-1.98789	7.99658
-433.59375	7.77561	-10.15766	0.59066	1.58657
-429.68750	7.37238	-6.93483	3.92085	-6.24881
-425.78125	2.13402	-1.69730	-0.60073	-3.05215
-421.87500	8.58065	-0.89194	-2.24828	-2.89929
-417.96875	19.86237	1.52506	0.36568	-7.47350
-414.06250	21.47370	2.33040	0.53346	-0.86383
-410.15625	13.81761	3.13566	0.72130	3.55680
-406.25000	18.24939	0.71745	0.67976	-8.57047
-402.34375	10.59339	0.31392	-1.41965	-15.44413
-398.43750	-1.09185	0.31335	-0.90113	-8.84271
-394.53125	7.77247	-1.29892	4.09625	-2.93397
-390.62500	2.13137	-3.31411	3.55533	-9.21502
-386.71875	-12.37420	-10.16444	2.76536	-14.47784
-382.81250	-9.55379	-12.17972	8.68613	-9.43093
-378.90625	-1.09222	-12.18032	7.10672	-5.77706
-375.00000	2.93713	-12.98676	1.61019	-14.69474
-371.09375	6.96653	-16.61371	4.76686	-20.39019
-367.18750	6.56385	-19.03191	4.84854	-17.14997
-363.28125	-4.31499	-17.42075	5.10134	-16.68937
-359.37500	-11.97021	-15.40675	5.04959	-13.18042
-355.46875	-12.37271	-17.01916	1.94098	-18.01173
-351.56250	-11.56633	-15.40805	3.14715	-17.47931
-347.65625	-13.98334	-11.37943	3.30156	-10.54533
-343.75000	-8.74477	-11.78306	3.53935	-13.04339
-339.84375	-8.74425	-13.39541	3.00185	-12.91800
-335.93750	-7.53495	-12.99318	3.47883	-10.86887
-332.03125	-5.51978	-11.38209	3.93443	-10.15575
-328.12500	-9.54875	-10.57692	0.94354	-11.18922
-324.21875	-6.32488	-11.38344	2.79029	-13.40370
-320.31250	-10.75665	-10.17529	2.57571	-3.37671
-316.40625	-15.18856	-9.37008	0.18105	-5.35354
-312.50000	-11.96483	-8.56487	0.68220	-19.77806
-308.59375	-11.15878	-6.55087	0.19072	-22.71267
-304.68750	-16.39671	-8.16324	0.83839	-19.38376
-300.78125	-12.77021	-7.76097	2.56313	-17.59520
-296.87500	-7.53194	-6.95571	0.10812	-19.99868
-292.96875	-11.56105	-8.97097	-0.96779	-22.57476
-289.06250	-8.33760	-6.95692	-1.37540	-18.12322
-285.15625	-0.68202	-6.55452	1.71164	-15.67410
-281.25000	-10.75541	-7.36092	4.17325	-20.11285
-277.34375	-13.17329	-6.95860	1.64991	-14.50804
-273.43750	-5.11504	-10.18254	3.82058	-7.66756
-269.53125	-1.48903	-9.37720	6.72015	-8.70677
-265.62500	0.12216	-8.57184	10.24356	-3.08255
-261.71875	6.16562	-11.39278	10.22631	5.18899
-257.81250	4.55341	-9.78150	10.04584	5.07723
-253.90625	4.55278	-8.97607	9.00398	10.03517
-250.00000	11.80493	-11.79701	6.74757	8.35435
-246.09375	8.17798	-12.60329	7.09193	2.27187
-242.18750	-1.89581	-10.58905	5.81367	-0.11179
-238.28125	-0.28468	-10.18649	5.15075	-5.96362
-234.37500	-0.68816	-10.18690	3.30162	-8.95224
-230.46875	-9.55331	-10.59029	0.72094	-7.23509
-226.56250	-9.15091	-10.99366	-1.70087	-5.65644
-222.65625	-5.92796	-13.00871	0.60521	-3.77882
-218.75000	1.32424	-12.60614	1.47132	5.96287
-214.84375	-0.28801	-7.36844	-5.22668	-3.38300
-210.93750	-5.12362	-7.36887	-7.33100	-20.42241
-207.03125	0.11394	-6.56345	-4.04867	-14.78209
-203.12500	-6.73645	-2.93747	-3.78812	-14.27257
-199.21875	-5.93124	-1.72916	-5.02055	-16.75835
-195.31250	4.94726	-2.93835	-7.31208	-11.53343
-191.40625	0.91744	-3.74469	-8.54393	-13.07792
-187.50000	-5.93293	-3.74511	-5.99679	-19.06409
-183.59375	-4.32192	-5.35724	-3.33768	-15.87816
-179.68750	-5.93427	-6.56649	-4.65366	-14.89316
-175.78125	1.72093	-6.16398	-6.57936	-18.09056
-171.87500	10.98784	-4.95563	-6.14109	-12.20024
-167.96875	6.15212	-5.76200	-6.33791	-13.67079
-164.06250	-5.13048	-7.77711	-5.70036	-12.22253
-160.15625	-6.33987	-9.38927	-3.47107	-6.57074
-156.25000	0.91231	-7.37509	-3.83293	-6.53217
-152.34375	0.10588	-9.39018	1.08646	-0.46509
-148.43750	4.94040	-11.00239	2.98502	2.20022
-144.53125	8.96915	-11.00288	4.03100	3.14057
-140.62500	2.92456	-11.00338	6.58608	1.36237
-136.71875	0.90936	-11.00387	1.73455	1.78942
-132.81250	6.14693	-10.19846	1.05138	5.20339
-128.90625	7.35525	-8.99022	3.03325	-4.89777
-125.00000	9.36947	-8.58774	1.67942	-1.62143
-121.09375	4.53377	-6.57358	3.35736	2.46211
-117.18750	-11.58401	-6.57409	4.48402	-7.62808
-113.28125	-18.03132	-6.97755	3.02190	-7.68572
-109.37500	-10.37621	-4.96334	0.65552	-12.00045
-105.46875	-7.95905	-3.75509	0.94306	-20.46572
-101.56250	-7.55653	-7.38191	0.54233	-20.59488
-97.65625	-1.51295	-6.17358	3.61086	-15.84352
-93.75000	9.76859	-2.14476	8.20778	-13.74815
-89.84375	7.35048	-3.75702	6.32719	-12.26141
-85.93750	-1.91739	-4.56334	3.83508	-10.28094
-82.03125	0.90262	-4.96668	4.58776	-10.18797
-78.12500	-4.33595	-6.17594	6.36937	-7.54268
-74.21875	-10.78325	-5.77355	8.14846	-11.77491
-70.31250	-7.96322	-7.78869	7.15377	-8.90799
-66.40625	-5.94904	-8.19207	6.72748	-1.29004
-62.50000	-5.14367	-2.55156	5.82291	1.04644
-58.59375	-1.92060	-5.37256	5.50800	1.56343
-54.68750	4.52597	-8.19356	8.88922	5.89007
-50.78125	5.73437	-6.58237	10.79034	8.93642
-46.87500	5.33103	-6.58287	10.82735	5.69866
-42.96875	4.92769	-6.58338	6.26177	3.43940
-39.06250	-5.54885	-7.79270	3.04261	-0.60952
-35.15625	-3.13166	-4.97263	4.79028	-3.05909
-31.25000	-2.32618	-3.76437	6.35749	-5.06755
-27.34375	-6.75877	-5.77951	4.44811	-4.62900
-23.43750	-7.16203	-4.57121	1.06824	-14.29048
-19.53125	-3.93894	-5.78054	2.60039	-21.71340
-15.62500	-5.95401	-6.98986	6.32925	-16.86212
-11.71875	-10.38661	-6.58743	3.12267	-15.86706
-7.81250	-9.17816	-6.58797	2.49677	-19.38255
-3.90625	1.29761	-4.17089	4.34406	-25.55011
0.00000	3.31186	-5.38019	0.55602	-26.28778
3.90625	-5.55290	-8.20123	-0.19169	-23.83263
7.81250	-4.74737	-3.76960	3.90670	-14.60012
11.71875	-2.73308	-2.15839	7.79261	-13.98731
15.62500	-0.71882	-4.97940	7.22371	-12.61142
19.53125	4.92178	-4.57701	6.17762	-2.64448
23.43750	5.72731	-3.36873	9.40482	-0.19471
27.34375	0.08586	-4.98093	10.72462	4.37365
31.25000	7.33814	-4.17557	7.84336	9.13642
35.15625	6.93466	-4.57904	4.06467	5.99042
39.06250	1.69610	-4.57959	5.36265	-2.35573
42.96875	4.91898	-2.16254	7.31792	-1.95318
46.87500	5.72445	-3.77484	7.05689	1.16263
50.78125	2.09752	-4.17824	8.28894	-3.60534
54.68750	1.29119	-2.96995	9.37111	-3.99605
58.59375	5.72317	-0.55291	4.96142	1.97977
62.50000	3.70824	2.26716	1.20498	7.96504
66.40625	-6.36534	-0.95678	6.60395	-4.48917
70.31250	-13.21542	-6.19539	10.73991	-12.72776
74.21875	-20.87140	-5.39007	8.23290	-7.11371
78.12500	-19.25993	-4.98762	9.00290	-8.57276
82.03125	-14.02223	-7.40572	10.81091	-13.55007
85.93750	-10.79925	-6.19740	9.76987	-19.83444
89.84375	-8.78496	-2.57151	7.54004	-23.47260
93.75000	-10.79987	0.65150	7.90142	-22.70629
97.65625	-9.18845	1.45690	9.02543	-10.23944
101.56250	-7.17406	-0.15525	7.93219	-3.23539
105.46875	0.88433	-0.55867	8.09449	-10.22066
109.37500	8.53973	-1.76795	8.76228	-7.63770
113.28125	15.38916	-2.57430	9.18108	1.20166
117.18750	16.59766	-2.97766	12.68437	1.41310
121.09375	12.56807	-1.36642	12.31377	3.45480
125.00000	17.40278	-1.36691	12.86123	6.62457
128.90625	19.01408	-3.78502	15.21214	5.36075
132.81250	11.35793	-4.18841	14.48796	8.60031
136.71875	3.70174	-3.38306	13.53206	11.07467
140.62500	4.90998	-0.56305	13.48036	12.16515
144.53125	7.32726	-2.17521	12.38644	8.13873
148.43750	8.13282	-3.38448	10.77208	8.67008
152.34375	8.93838	-2.17614	9.71778	18.42345
156.25000	4.10277	-0.56493	12.77609	11.08911
160.15625	2.89351	-1.37127	14.65619	-4.09787
164.06250	2.89303	-1.37178	10.70095	-4.87046
167.96875	2.08667	-0.56645	6.32138	-4.56146
171.87500	15.38292	-2.58161	6.95694	-5.19307
175.78125	12.96503	0.64135	7.99788	-3.78219
179.68750	3.29429	5.47601	10.20091	-4.63549
183.59375	6.92018	3.46087	9.82090	-8.62801
187.50000	-3.15349	-0.16595	7.50148	-10.15955
191.40625	-14.03289	-0.97225	8.62176	-11.08026
195.31250	-11.21270	0.23601	8.86646	-10.57265
199.21875	0.47194	3.45896	11.39709	-14.42578
203.12500	4.50089	4.66728	10.95661	-11.99478
207.03125	-3.15511	5.47265	8.67193	-6.10994
210.93750	-9.19933	4.66634	9.07013	-12.53798
214.84375	-9.60259	1.44242	9.73961	-13.71556
218.75000	-4.36480	3.45659	13.00701	-9.69315
222.65625	2.08177	4.66492	15.31881	-6.90903
226.56250	4.49907	0.63515	11.44541	-8.93318
230.46875	6.51344	-0.57416	10.71862	-7.95782
234.37500	3.28965	1.03709	12.63029	-5.15417
238.28125	1.67756	5.87174	12.61290	-2.12067
242.18750	2.48305	10.30350	11.62660	4.61759
246.09375	2.07974	7.88541	10.98764	1.91986
250.00000	2.07938	4.66146	8.73122	-6.20774
253.90625	0.87021	6.67561	8.26967	-7.85786
257.81250	0.06403	5.06343	9.81183	-6.21220
261.71875	-3.15972	3.45116	9.14887	-6.02005
265.62500	-4.36886	3.85361	8.10559	-7.79970
269.53125	0.46601	5.86777	7.53946	-4.47067
273.43750	4.89790	7.88191	8.74406	-7.32406
277.34375	17.38851	6.26970	9.84130	-11.89322
281.25000	18.59705	6.26920	10.70739	-2.15136
285.15625	-0.74393	7.07454	12.47092	3.81431
289.06250	-0.74426	2.64177	13.18710	2.89218
292.96875	8.11993	2.23836	11.63433	-1.54067
296.87500	6.91081	4.25249	5.85093	-7.07498
300.78125	0.06070	5.05785	7.84184	-5.53143
304.68750	2.88095	5.86319	11.19133	1.70820
308.59375	4.49244	3.84803	12.37710	-0.64202
312.50000	6.10377	4.65337	13.71543	-4.61346
316.40625	8.92389	5.05584	12.34521	-4.65088
320.31250	10.93804	3.84656	11.43216	-4.47187
324.21875	17.38450	3.44307	15.14744	-2.83407
328.12500	6.50508	5.05424	14.37693	-5.80809
332.03125	-8.00086	5.05367	11.35958	-6.06966
335.93750	-12.43352	2.23264	14.01190	2.22857
339.84375	-4.77822	1.02330	15.83825	4.25411
343.75000	3.28004	4.64910	14.67058	-1.34819
347.65625	-0.74948	6.66323	12.74022	-4.95134
351.56250	1.66781	4.64803	11.81836	-6.71822
355.46875	0.86154	6.25921	14.47618	-6.98663
359.37500	-3.57102	7.46740	10.58443	-2.31777
363.28125	0.45786	6.25813	7.74767	0.12404
367.18750	2.47206	6.66050	9.48201	-1.29712
371.09375	6.50092	8.27173	11.86687	-2.93672
375.00000	1.66537	7.86825	11.72193	-8.92776
378.90625	0.05319	11.09119	8.96762	-1.21775
382.81250	6.09666	11.49360	10.49716	1.58577
386.71875	2.06688	9.47843	11.04971	-13.38040
390.62500	9.31918	11.49254	8.28048	-12.05417
394.53125	10.93049	11.08903	8.97096	-6.41693
398.43750	-6.79894	8.67090	8.57025	-9.76967
402.34375	-9.61996	7.46156	3.98311	-10.65955
406.25000	-3.97925	8.26692	5.35652	-10.98182
410.15625	-7.20299	7.86341	9.51994	-11.50991
414.06250	-9.21801	3.02772	6.62492	-10.73831
417.96875	-5.59202	3.02720	5.76582	-11.04842
421.87500	-0.35440	7.86184	9.96494	-14.04430
425.78125	10.12138	8.26427	7.71470	-22.70905
429.68750	7.70340	6.65200	2.28774	-21.85690
433.59375	-3.17618	5.03980	3.87607	-19.07436
437.50000	-3.98247	7.05395	8.20964	-15.52935
441.40625	1.25522	11.48572	7.08888	-6.14815
445.31250	0.85191	10.27642	6.44072	-9.07436
449.21875	4.88092	10.67880	11.16239	-10.05743
453.12500	11.32749	11.08126	10.39348	-3.62503
457.03125	9.31237	12.28957	7.43963	-0.64630
460.93750	4.47682	12.69195	10.66733	-0.26313
464.84375	6.49115	14.30321	12.41504	-3.11575
468.75000	16.16111	15.91442	13.98232	0.51668
472.65625	19.38412	11.48176	13.68467	2.16389
476.56250	16.96622	10.67537	16.34878	5.39602
480.46875	7.69842	11.07784	20.70150	3.21105
484.37500	0.44531	9.86857	18.78936	0.00350
488.28125	2.45962	9.06223	16.79154	13.48925
492.18750	2.45929	8.65874	14.95692	22.06160
496.09375	-3.58492	14.70215	10.76025	5.41777
500.00000	-7.21165	18.32803	10.59863	-21.51050
503.90625	-7.61499	15.50702	13.88028	-24.69642
507.81250	4.06965	16.31235	11.93470	-13.44933
511.71875	7.29262	16.71476	7.76207	-17.67175
515.62500	-4.39288	14.69951	5.58145	-22.74279
519.53125	-14.46652	16.71370	5.34123	-17.61127
523.43750	-16.88445	15.90725	7.35973	-10.32652
527.34375	-9.22915	12.68327	9.48541	-11.39944
531.25000	-6.81192	11.07105	8.61882	-13.48674
535.15625	-4.39469	10.66760	7.25776	-13.81236
539.06250	-4.79792	13.08473	6.94404	-15.71189
542.96875	-4.39540	11.06957	5.67576	-14.90655
546.87500	-1.17233	8.65144	4.60887	-10.58217
550.78125	2.05081	8.65094	9.06437	-7.69462
554.68750	11.72085	7.84459	11.75837	-3.25036
558.59375	11.31756	10.66459	5.73702	2.72535
562.50000	10.51135	11.47002	6.41291	1.45773
566.40625	14.54023	7.03729	6.97683	0.68843
570.31250	12.92820	5.42503	7.48645	2.52293
574.21875	7.28683	7.03629	9.00884	-0.32460
578.12500	3.66015	7.03581	9.37606	1.03680
582.03125	0.43641	6.22946	9.57243	6.93858
585.93750	4.46543	6.22896	10.54607	6.29514
589.84375	2.45042	9.04899	12.74860	6.68623
593.75000	-0.37051	4.61626	8.67780	3.42320
597.65625	6.88190	2.60112	5.77258	1.38447
601.56250	1.24056	8.24172	6.29116	-1.68479
605.46875	1.64321	9.85296	6.85641	-1.41746
609.37500	10.10441	6.22616	9.53889	5.19475
613.28125	8.08949	7.83739	11.16650	0.33430
617.18750	-7.22209	9.44867	7.41712	-11.13933
621.09375	-13.26625	5.82180	6.24061	-6.68027
625.00000	-9.23719	6.62718	6.78805	-1.89898
628.90625	-3.59641	12.67064	7.52721	-5.58066
632.81250	0.83550	14.28194	7.20602	0.47927
636.71875	-5.61166	12.66974	8.66768	2.55065
640.62500	-8.02961	11.86345	11.83942	-2.00020
644.53125	-4.40359	12.26596	7.92506	-5.62389
648.43750	-6.82144	10.25084	8.32538	-7.10737
652.34375	-9.23948	9.44449	9.28569	-3.39820
656.25000	-6.41941	12.26451	7.50896	-1.06237
660.15625	2.44476	16.29334	8.58313	1.07656
664.06250	10.50304	17.90460	7.85143	10.78009
667.96875	4.86170	12.66605	7.50123	4.23931
671.87500	1.23505	11.85970	8.94272	-5.65958
675.78125	11.30796	15.88851	8.77493	7.83922
679.68750	19.76915	15.08219	9.36632	18.67084
683.59375	2.84570	11.05241	11.00094	14.67840
687.50000	-4.81028	10.64898	7.87578	8.31163
691.40625	10.90367	12.66316	7.78729	11.42009
695.31250	15.73847	12.66270	8.83787	18.37444
699.21875	14.93224	8.63295	10.56264	18.95347
703.12500	14.12589	7.82664	16.16623	11.71408
707.03125	21.37829	10.24379	16.29916	18.40459
710.93750	25.00441	9.84039	15.89143	28.49642
714.84375	23.39241	8.63115	17.76972	27.31860
718.75000	27.42140	7.82487	13.78439	29.72902
722.65625	34.67388	6.61563	11.26108	32.91575
726.56250	36.28532	7.01813	12.62583	37.74111
730.46875	35.07619	7.42054	12.70491	34.28400
734.37500	33.06122	10.64351	11.39314	23.38769
738.28125	29.03161	16.28408	12.18168	24.40619
742.18750	26.21077	15.07482	12.40413	21.07080
746.09375	25.40455	12.25388	10.55636	13.53771
750.00000	20.56898	10.64166	7.09121	11.45388
753.90625	18.95700	12.25296	3.40624	9.80357
757.81250	20.97139	12.65541	6.15726	9.43449
761.71875	13.71837	12.25207	7.50901	7.61191
765.62500	16.94152	13.46042	6.06278	9.86144
769.53125	18.14994	16.68340	8.31733	10.36990
773.43750	10.89679	16.27996	7.91022	9.93395
777.34375	12.91107	11.44435	7.79872	5.76765
781.25000	6.06086	11.84678	7.85900	5.43619
785.15625	2.03127	12.65217	5.99617	10.99876
789.06250	7.26914	10.63708	6.30942	3.22677
792.96875	8.07471	7.41317	6.36841	-2.41494
796.87500	-0.38710	8.21862	7.83782	-3.51716
800.78125	-5.22252	10.63569	8.61999	-3.98829
804.68750	-2.80524	8.62059	9.55199	-1.58403
808.59375	-4.82022	6.60549	10.33483	-5.94907
812.50000	-8.84982	7.41088	10.06146	-6.69727
816.40625	-4.01497	7.81335	9.09416	-6.73495
820.31250	-4.01525	9.02169	3.74890	-12.19712
824.21875	-2.00090	9.02122	2.22609	-8.54475
828.12500	7.66917	9.42368	8.30543	-0.23692
832.03125	9.68351	9.82609	6.49690	0.30711
835.93750	6.05671	10.22860	3.50816	0.94929
839.84375	4.44467	11.03402	8.55795	6.60104
843.75000	12.50298	9.42190	8.59909	2.61035
847.65625	14.51736	10.22732	4.25109	2.23051
851.56250	7.26439	10.22690	4.13505	5.29869
855.46875	7.26414	12.24114	3.97233	-1.01373
859.37500	8.87562	13.44954	3.70697	-4.80649
863.28125	7.66659	9.01688	3.69062	-8.81159
867.18750	4.84582	9.01647	5.02210	-0.96530
871.09375	8.06901	14.25415	3.78055	3.03605
875.00000	4.03944	14.25371	7.26196	-7.38738
878.90625	-2.40772	11.43278	11.76041	-6.93033
882.81250	6.05355	13.04404	8.85772	-2.11226
886.71875	6.05324	11.43189	4.57512	-2.97584
890.62500	3.23244	10.62551	4.22346	-0.84374
894.53125	12.49954	16.26607	4.91399	-0.04177
898.43750	15.31974	14.25095	5.31910	-0.57403
902.34375	9.27551	11.42999	4.35839	2.96829
906.25000	10.88697	13.44417	5.32888	4.66062
910.15625	7.26027	13.84659	5.86600	-3.92635
914.06250	4.43952	13.44327	4.98560	-9.60175
917.96875	4.03629	13.84576	8.96176	-3.06211
921.87500	-7.24606	10.21902	8.72871	-2.43170
925.78125	-16.11077	10.21861	3.65802	-7.06707
929.68750	-7.24656	13.03870	5.88678	-8.22955
933.59375	-1.20284	10.62067	8.28096	-9.47636
937.50000	0.40866	10.21733	5.76470	-1.90209
941.40625	4.03471	10.61981	3.03227	-0.57956
945.31250	6.04896	12.23117	4.80178	-8.74398
949.21875	3.22805	12.23076	8.71763	-6.90661
953.12500	2.82474	9.40984	7.54591	-9.74162
957.03125	3.63027	8.20065	2.17455	-10.79235
960.93750	-3.62289	6.99145	2.17893	-4.76819
964.84375	-10.87601	5.78223	5.13544	-6.00916
968.75000	-2.41482	6.58765	5.89696	-9.22673
972.65625	2.82291	6.58725	6.40523	-9.19135
976.56250	0.40491	9.81029	8.26357	-8.37702
980.46875	-1.20727	11.82451	6.57238	-6.53288
984.37500	-0.80477	9.00359	5.06327	-4.09949
988.28125	2.82109	6.18267	5.48314	-2.29895
992.18750	2.82064	8.19691	3.24564	2.64672
996.09375	15.31106	10.21114	4.28718	10.17847
1000.00000	20.14587	9.80777	6.94610	15.48443
1003.90625	18.93672	10.61321	8.61603	8.67173
1007.81250	22.15984	11.41868	8.68512	2.18972
1011.71875	13.69794	10.61234	8.13894	7.63748
1015.62500	2.81835	8.19438	8.37599	8.20727
1019.53125	3.62386	9.40276	8.13583	5.68301
1023.43750	7.24985	8.99939	7.73678	1.28258
1027.34375	12.08466	8.59602	7.84788	1.41847
1031.25000	8.05502	9.80441	5.77260	5.77813
1035.15625	9.26347	9.40111	4.00869	5.04946
1039.06250	8.86032	10.20658	2.48630	0.73242
1042.96875	2.41313	13.42963	2.82990	-4.10324
1046.87500	-7.66053	11.01161	3.37479	-2.19629
1050.78125	-8.46677	7.78775	4.60692	5.92937
1054.68750	-4.84072	9.39909	8.91265	3.92669
1058.59375	-1.21481	9.80159	7.72656	-0.17098
1062.50000	6.84341	10.60702	3.16439	-3.85634
1066.40625	5.23146	9.80075	4.13123	-5.02880
1070.31250	2.41067	8.18861	4.23801	-4.40324
1074.21875	4.02201	8.18818	2.93993	-1.20709
1078.12500	-0.81354	10.20245	4.11302	-0.65185
1082.03125	-13.30482	9.79908	3.90650	-5.62952
1085.93750	-10.48474	8.18697	4.88024	-1.84095
1089.84375	-4.03815	8.18654	6.27688	8.22023
1093.75000	-6.85893	9.79779	3.81779	8.98619
1097.65625	-3.23291	11.40910	4.13611	6.94711
1101.56250	4.82536	11.00573	6.66932	4.28059
1105.46875	7.24268	10.19944	8.84637	3.74195
1109.37500	-4.84544	9.79603	8.30550	5.11594
1113.28125	-1.62228	10.19857	4.29213	1.06127
1117.18750	3.61543	9.39232	4.16917	-0.74218
1121.09375	0.39157	9.79480	7.42504	1.70211
1125.00000	6.03223	11.40616	4.34618	-5.20169
1128.90625	5.22610	13.01747	0.25026	-10.09219
1132.81250	3.61413	12.21126	3.95844	-4.83833
1136.71875	-1.22141	9.39039	5.42016	-3.57303
1140.62500	-3.63936	11.40467	5.77147	-2.88591
1144.53125	2.00129	13.01599	6.28938	-1.67454
1148.43750	3.20977	8.98630	9.91322	2.07998
1152.34375	5.62710	9.38887	10.87370	4.17745
1156.25000	3.61215	11.80603	9.90287	4.09563
1160.15625	11.26747	8.98514	11.38016	-1.01830
1164.06250	16.50530	8.98477	10.64847	-0.17930
1167.96875	1.99953	11.40198	7.07492	8.59113
1171.87500	2.80510	9.78983	4.48708	3.93001
1175.78125	9.65468	6.96899	5.12525	-3.92673
1179.68750	13.68365	10.99791	4.10494	-1.55676
1183.59375	4.41592	12.60920	6.94846	-0.31137
1187.50000	-3.64300	9.38542	11.47905	6.61841
1191.40625	-3.64339	14.22020	10.18191	6.90615
1195.31250	-11.70245	14.62272	11.63553	-9.10682
1199.21875	-16.13503	5.75791	13.76325	-14.57204
1203.12500	-8.47978	14.62199	8.08485	-12.54426
1207.03125	-7.27133	18.24802	7.81492	-14.71845
1210.93750	-16.53901	6.96559	15.86886	-17.52054
1214.84375	-28.62727	12.60619	19.76186	-20.71311
1218.75000	-35.07464	19.85852	17.38837	-33.61405
1222.65625	-41.11901	19.05226	10.43291	-52.99144
1226.56250	-47.16330	18.64898	9.78307	-64.28326
1230.46875	-50.78999	23.08079	17.51792	-69.35218
1234.37500	-69.72800	25.09509	19.02674	-81.86011
1238.28125	-98.33628	21.46842	14.57730	-95.34702
1242.18750	-120.49775	25.90031	15.60570	-107.54688
1246.09375	-124.52731	27.10866	13.35508	-110.64783
1250.00000	-128.55679	25.89954	14.32226	-127.23736
1253.90625	-139.43620	27.51087	14.26371	-149.43724
1257.81250	-146.28630	26.30169	15.00012	-151.82118
1261.71875	-144.27197	27.10716	15.94891	-153.24104
1265.62500	-158.77782	25.09218	12.08522	-159.85625
1269.53125	-159.58401	23.48016	13.13095	-160.55692
1273.43750	-149.91397	29.12085	12.72385	-157.76970
1277.34375	-159.98756	28.71753	12.20946	-157.90707
1281.25000	-153.13802	25.49372	15.09026	-152.59776
1285.15625	-138.92230	26.49327	16.26882	-147.71361
1289.06250	-140.40489	26.73818	14.25403	-144.91235
1292.96875	-140.60654	24.92020	12.64219	-136.65288
1296.87500	-134.14508	23.59852	13.04493	-127.10896
1300.78125	-132.18233	17.68427	13.44775	-125.52152
1304.68750	-117.86672	12.77744	16.26813	-122.85486
1308.59375	-97.80548	13.00185	15.86510	-108.55264
1312.50000	-97.27054	17.65651	10.22392	-104.23605
1316.40625	-90.64134	16.37265	9.82094	-98.07630
1320.31250	-87.28758	10.45811	11.43251	-84.99858
1324.21875	-87.92556	8.33378	10.22357	-83.51111
1328.12500	-74.92667	8.53287	11.02930	-68.18827
1332.03125	-67.63999	6.35866	15.46144	-56.50381
1335.93750	-57.23802	2.69663	15.46132	-58.53974
1339.84375	-40.39075	4.44347	9.82019	-44.46058
1343.75000	-20.89603	5.10403	7.80542	-30.88783
1347.65625	-23.81742	-3.18803	9.41702	-30.26779
1351.56250	-25.52022	-8.97303	9.41691	-30.12701
1355.46875	4.74727	-9.77424	7.80508	-8.90349
1359.37500	26.23406	-12.85106	6.59611	4.55707
1363.28125	23.98830	-13.02885	2.56665	-0.43986
1367.18750	19.66289	-10.47514	-0.65695	3.99862
1371.09375	14.18446	-9.40023	0.95459	9.94467
1375.00000	20.37080	-10.96722	-1.06020	20.61045
1378.90625	31.19160	-14.83289	-3.07497	31.03116
1382.81250	27.78609	-14.23345	-2.67214	34.42948
1386.71875	28.92157	-10.10431	-5.89571	43.47477
1390.62500	38.98705	-12.24860	-7.10460	41.14310
1394.53125	45.64167	-11.35877	-2.67244	33.62618
1398.43750	53.85607	-5.12903	-1.06087	39.39650
1402.34375	59.79669	-6.97140	-8.31371	43.50445
1406.25000	57.54746	-11.34227	-10.32843	47.06193
1410.15625	46.47295	-11.87656	-6.70209	50.16769
1414.06250	49.13279	-9.74069	-7.91094	51.49642
1417.96875	58.36385	-7.11044	-7.10517	45.36953
1421.87500	55.54723	-8.56895	-3.88180	42.90648
1425.78125	43.48898	-7.74148	-3.47896	49.00993
1429.68750	38.25745	-6.67162	-3.47901	46.68513
1433.59375	40.11455	-7.32148	-3.88198	40.37123
1437.50000	45.11595	-5.86898	-5.09089	45.32436
1441.40625	46.86473	-3.71487	-6.29981	49.56132
1445.31250	42.34887	-2.92759	-6.70277	43.27449
1449.21875	45.36900	-3.88564	-4.28526	43.18135
1453.12500	41.55649	-4.50419	0.54989	46.98576
1457.03125	41.51019	-3.82312	1.75857	41.67866
1460.93750	43.41552	-3.69179	-1.06198	46.14708
1464.84375	38.00846	-4.95905	-0.65911	52.42234
1468.75000	39.20275	-3.11531	0.54963	50.53384
1472.65625	40.16634	-0.88616	0.95249	45.95316
1476.56250	33.44439	1.04076	0.95243	44.10461
1480.46875	33.91444	1.57273	-1.86813	43.95148
1484.37500	39.33132	0.66982	-3.47991	40.59684
1488.28125	43.13251	-1.13661	-2.67405	38.11919
1492.18750	44.41045	-0.89952	-1.06242	37.67382
1496.09375	33.41045	-0.14246	-2.27128	34.47139
1500.00000	30.04383	-0.00983	-2.27132	32.50305
1503.90625	30.60156	0.25948	-1.46552	31.17143
1507.81250	28.95631	0.03640	-0.65971	29.70910
1511.71875	38.17686	1.49970	1.35486	25.36744
1515.62500	41.00724	3.50558	-0.65987	22.44851
1519.53125	35.83055	3.24482	-1.86877	28.72858
1523.43750	27.53148	-0.14595	0.54872	30.99950
1527.34375	19.64324	-0.40130	-0.25732	24.09357
1531.25000	24.29031	3.89429	-1.46626	23.53563
1535.15625	21.58381	1.91104	0.54834	28.98719
1539.06250	17.82759	-1.96105	1.75696	27.39331
1542.96875	20.44624	-1.35259	-1.06365	27.19093
1546.87500	14.79011	0.77418	-3.07843	24.89839
1550.78125	17.25896	3.46414	-1.06392	23.71250
1554.68750	22.28358	2.72916	0.14473	20.23857
1558.59375	19.95084	0.08632	-1.06424	17.21698
1562.50000	19.81837	2.28067	-0.66145	20.15184
1566.40625	22.45624	1.95196	0.54721	19.22907
1570.31250	13.05838	-0.19304	2.15875	14.61184
1574.21875	4.83177	-0.48717	5.38202	15.13809
1578.12500	3.11491	-2.29881	3.36723	14.32001
1582.03125	4.28997	-0.93131	2.56123	16.33439
1585.93750	14.84061	1.11811	0.54642	16.75793
1589.84375	10.48438	1.38510	-1.87136	7.91624
1593.75000	7.51004	1.52960	-0.66273	7.63962
1597.65625	14.86412	2.56816	-1.06590	11.45128
1601.56250	9.31466	0.69667	-0.26026	12.11583
1605.46875	5.23805	0.69128	-3.08097	9.82953
1609.37500	5.50985	0.54393	-4.28999	13.69442
1613.28125	10.57628	-1.69659	-1.46972	11.03489
1617.18750	19.73699	-2.23628	-3.08163	6.19262
1621.09375	15.54518	-1.70016	-2.27597	9.11016
1625.00000	15.80582	-0.53675	-2.67903	8.51661
1628.90625	17.07295	-1.50685	-3.88801	3.73565
1632.81250	20.88126	-0.49522	-3.88820	1.54477
1636.71875	19.34268	-1.40153	-5.09716	5.79484
1640.62500	6.05328	-0.46663	-3.88849	6.11051
1644.53125	14.30647	2.26938	-1.06810	6.37311
1648.43750	14.14993	-1.94630	-3.08282	9.46558
1652.34375	1.35860	-3.73096	-6.30633	5.35601
1656.25000	15.29176	-3.38999	-0.66535	3.40849
1660.15625	17.09791	-5.67678	-0.66544	3.12142
1664.06250	6.78144	-3.78390	-4.29190	1.38799
1667.96875	11.65205	-1.17656	0.14030	11.54228
1671.87500	11.24414	-1.73320	1.75197	14.40641
1675.78125	9.60173	-2.15823	-1.87438	1.85409
1679.68750	5.96769	-2.42272	-3.08320	-6.29939
1683.59375	5.31815	-0.96744	-3.48617	-5.22572
1687.50000	14.01497	-2.01744	-1.47154	-0.51089
1691.40625	22.74092	-1.75433	-2.27739	-1.12390
1695.31250	20.80845	2.69607	-3.48624	-0.07760
1699.21875	4.89309	1.23608	-3.08333	-4.01621
1703.12500	0.24249	-1.77212	-3.48629	-4.59969
1707.03125	5.92829	-0.84189	-2.27750	2.71958
1710.93750	-3.63422	0.23515	-2.27751	7.91889
1714.84375	-5.88440	1.50197	-2.68040	15.34066
1718.75000	-1.03630	-0.34214	-1.87457	9.57103
1722.65625	-1.19557	-0.55709	-1.47172	3.67300
1726.56250	2.70428	1.94777	-0.26296	5.92188
1730.46875	11.90310	1.41527	0.54294	9.29600
1734.37500	12.52874	0.30307	-0.26299	11.43941
1738.28125	2.68227	1.30324	-1.87472	13.51178
1742.18750	3.82061	1.46866	-1.87474	12.74611
1746.09375	0.71682	-0.49772	-1.47189	4.26128
1750.00000	2.87349	0.17491	0.13981	3.80982
1753.90625	19.23760	5.14326	1.34859	7.55691
1757.81250	13.22606	6.57458	2.55734	9.42006
1761.71875	13.27186	6.72251	2.55729	14.96837
1765.62500	19.70794	6.32776	1.75130	17.48230
1769.53125	17.63093	2.15577	-1.06926	15.22953
1773.43750	14.64723	1.51662	-2.27811	12.95680
1777.34375	10.84994	5.39778	-0.26354	12.20521
1781.25000	6.20216	6.74266	-0.66650	12.76147
1785.15625	6.89324	6.30771	0.13930	11.33759
1789.06250	6.21647	5.34397	0.94508	5.67706
1792.96875	1.17954	5.94373	0.54211	-0.97194
1796.87500	-0.41763	6.23393	0.13908	-2.30742
1800.78125	3.55981	3.54326	0.13899	-4.34656
1804.68750	10.21966	4.27755	0.94475	1.54332
1808.59375	17.38713	3.69623	0.54179	4.16037
1812.50000	11.87820	2.30710	0.13880	-0.38767
1816.40625	1.98733	0.62045	-2.68175	4.56300
1820.31250	2.92368	1.95890	-1.87595	7.97022
1824.21875	10.34441	3.86401	3.76502	7.03997
1828.12500	14.47890	3.66025	2.95914	12.28931
1832.03125	8.46887	3.09785	-1.87604	7.05058
1835.93750	7.58888	5.07701	-4.29366	-2.64124
1839.84375	5.09552	5.21218	-5.09953	1.36443
1843.75000	2.42899	-0.57405	-3.48787	4.86368
1847.65625	3.93963	-1.61337	-3.08494	3.87167
1851.56250	5.46012	-2.56309	-2.68201	3.20626
1855.46875	12.76041	-2.15541	0.54141	7.90937
1859.37500	8.45946	-1.60582	2.15310	10.89352
1863.28125	5.00483	2.64872	3.36192	13.95510
1867.18750	13.57308	7.62006	1.75017	13.96122
1871.09375	7.69156	5.47161	0.13847	16.28068
1875.00000	10.25146	4.30768	1.34725	16.06712
1878.90625	7.77529	5.27717	1.34720	7.55004
1882.81250	1.54907	3.45916	0.94419	2.08368
1886.71875	8.32550	2.75323	0.94414	-2.57084
1890.62500	8.31775	2.62364	-1.87639	-3.69390
1894.53125	12.15180	1.09589	-2.68224	4.10056
1898.43750	16.73988	0.87880	-3.48813	7.85632
1902.34375	17.03966	1.45410	0.13827	5.51748
1906.25000	15.59663	3.93315	1.74994	3.83686
1910.15625	16.61029	3.80183	-1.47350	6.13688
1914.06250	13.62947	2.71430	-0.26472	5.85388
1917.96875	5.93773	3.73286	0.54114	1.33875
1921.87500	1.10691	2.27432	1.74987	-0.31848
1925.78125	-6.51874	-0.92745	0.54113	-0.25892
1929.68750	-7.72053	-2.67805	-0.66766	1.04297
1933.59375	-3.44550	-0.91033	0.94407	3.59395
1937.50000	1.95944	1.34796	0.54122	8.54761
1941.40625	-1.12630	0.27854	-0.66755	9.96464
1945.31250	-1.61231	0.66288	1.34710	14.15465
1949.21875	5.03490	-0.29515	-0.26465	15.67390
1953.12500	0.82033	-3.73426	-1.87633	6.58520
1957.03125	-1.64275	-0.63565	1.75003	3.29344
1960.93750	1.06908	3.12200	2.95885	0.10693
1964.84375	0.49805	0.64600	0.13837	-3.28742
1968.75000	5.72238	-0.73379	-0.66748	-5.17534
1972.65625	-0.96898	-0.92223	2.95886	-2.90566
1976.56250	-9.30190	-1.81590	2.95889	-3.94773
1980.46875	-8.83119	-0.07514	2.15308	-6.11497
1984.37500	-16.30739	1.03659	5.37654	-3.42522
1988.28125	-16.53473	0.84190	3.76480	-3.08188
1992.18750	-7.19748	1.07901	0.54143	1.30827
1996.09375	-4.49721	0.22439	1.75017	3.74708
2000.00000	-3.43114	0.76010	4.57072	3.79358
2003.90625	4.37974	1.43234	2.15314	4.87972
2007.81250	9.18161	-1.20825	0.54147	0.59702
2011.71875	4.70268	-1.35667	0.13856	4.31401
2015.62500	-4.95765	0.24633	-0.66725	6.23033
2019.53125	-12.95485	-0.01436	1.34741	4.85470
2023.43750	-18.83635	-0.18159	0.94449	6.72258
2027.34375	-12.21907	-0.03386	0.94455	4.65176
2031.25000	-3.94567	-0.57323	1.34755	2.88484
2035.15625	-3.02588	-0.13876	-1.07001	6.72451
2039.06250	2.48536	-1.99602	0.94468	18.02407
2042.96875	7.52152	-2.19327	5.37694	26.68580
2046.87500	1.86529	1.14252	3.76520	9.08158
2050.78125	-6.14211	2.62397	-2.27871	-9.83354
2054.68750	8.95551	3.50092	1.75060	2.00354
2058.59375	19.11334	2.47008	2.55653	13.08409
2062.50000	10.92194	1.44127	-3.48746	6.34807
2066.40625	9.53014	3.12746	-3.48746	9.85696
2070.31250	15.84597	3.80330	-2.27866	11.28293
2074.21875	23.73601	3.50947	0.54191	2.94382
2078.12500	38.13562	5.72743	1.75067	8.16881
2082.03125	40.92153	3.87183	0.13901	19.44961
2085.93750	30.11592	1.89222	0.13903	21.48378
2089.84375	29.78812	2.96531	1.34785	21.90845
2093.75000	22.78362	2.30420	1.75078	21.63065
2097.65625	8.37847	2.13421	0.54208	20.20310
2101.56250	8.06608	0.26293	0.13918	18.44897
2105.46875	8.01776	-2.96567	-1.06956	14.54972
2109.37500	3.85640	-2.30689	-3.48710	14.38416
2113.28125	4.08690	0.28791	-2.68113	14.94710
2117.18750	6.79992	1.76303	-5.09866	14.13318
2121.09375	10.66601	3.50809	-3.48686	16.24398
2125.00000	18.98458	2.25403	-3.48677	9.60571
2128.90625	11.38662	0.47822	-22.42439	2.40664
2132.81250	-8.57843	-0.52464	-17.18621	1.42403
2136.71875	-11.72933	-3.04248	10.21313	6.47950
2140.62500	-15.75160	-3.71921	14.64549	9.21233
2144.53125	-9.51319	-2.59479	8.60166	3.83366
2148.43750	4.83573	0.03942	4.97535	1.68778
2152.34375	4.13230	1.07544	0.54326	6.84532
2156.25000	-3.28975	-0.59819	-1.47133	8.52410
2160.15625	-0.67769	-1.67611	-0.26241	5.81948
2164.06250	5.52604	-2.20074	-0.66518	7.71235
2167.96875	10.39668	-0.80213	-3.08266	5.37574
2171.87500	9.98877	0.25305	-3.48551	0.98706
2175.78125	15.19614	0.63395	-1.06782	4.95482
2179.68750	18.81493	3.19000	-1.47070	7.27746
2183.59375	7.28642	2.63077	-1.87351	2.30708
2187.50000	5.50723	1.58084	-2.67927	4.60429
2191.40625	10.20413	0.63517	-1.87336	4.39411
2195.31250	10.68950	-0.55540	-2.67914	2.61976
2199.21875	16.53249	0.80526	-2.27616	1.90448
2203.12500	9.86734	1.82644	-1.87311	-1.09675
2207.03125	-7.41375	1.14501	-7.11117	-5.86540
2210.93750	-5.29102	-0.19537	-5.49941	-8.72464
2214.84375	5.75553	0.66862	-2.67879	-8.55573
2218.75000	2.94807	0.43632	-1.47001	-0.22294
2222.65625	-2.04617	0.22149	0.94766	-1.68872
2226.56250	-0.96675	0.71184	0.94776	-2.26029
2230.46875	5.41157	1.79124	-2.27559	5.94903
2234.37500	14.09588	-0.12668	0.54505	5.67491
2238.28125	9.89043	-1.54402	1.75387	0.89736
2242.18750	1.35847	-1.37849	0.14227	7.38437
2246.09375	-2.55125	-0.92722	0.94820	9.77861
2250.00000	-3.21512	-1.86619	-2.67808	-0.74621
2253.90625	-1.75927	-4.15050	-3.48390	-2.64011
2257.81250	-0.92078	-2.31614	0.54553	-0.77703
2261.71875	4.76621	-2.16812	0.14267	-3.69025
2265.62500	8.78487	-3.77147	-3.48366	-0.77342
2269.53125	6.30513	-3.51116	-2.27480	3.82358
2273.43750	4.12737	-1.73260	-2.67763	3.96828
2277.34375	5.56804	0.13399	-3.88638	8.45468
2281.25000	6.96425	-0.93870	-5.09514	11.02548
2285.15625	-1.20897	-3.38818	-2.27460	6.37798
2289.06250	2.54653	-3.54601	0.14306	2.32911
2292.96875	7.98571	-3.75212	-1.46861	2.52973
2296.87500	-2.87888	-3.86482	1.35202	1.59712
2300.78125	-6.15413	-3.73487	-1.87135	-2.05382
2304.68750	-4.32943	-8.23859	-2.27421	-0.59622
2308.59375	-8.84691	-7.61099	2.96399	-1.60559
2312.50000	-15.56463	-6.17958	3.36705	-2.93017
2316.40625	-10.14419	-7.46327	2.15835	4.43814
2320.31250	-0.34349	-6.12488	3.36724	3.01016
2324.21875	7.88309	-5.42846	1.35269	-1.94946
2328.12500	10.40586	-4.02043	-0.66183	3.29991
2332.03125	-4.46854	-4.58270	-0.25878	3.29927
2335.93750	-8.97472	-6.63272	0.14433	2.06903
2339.84375	-5.82696	-6.49735	-0.66138	1.23954
2343.75000	-4.86687	-1.80729	-3.07884	3.53000
2347.65625	-2.55012	1.18285	0.54772	3.34397
2351.56250	2.59693	-0.16962	4.17423	2.67863
2355.46875	2.64469	-1.37357	0.95095	-3.49741
2359.37500	-2.05915	-2.03266	-1.06357	-10.18380
2363.28125	0.12733	-3.41898	-1.06343	-9.54009
2367.18750	3.86059	-2.87976	-0.25744	-7.51940
2371.09375	-3.22958	-3.81929	2.96612	-5.60290
2375.00000	-2.68421	-5.38605	2.56333	-3.80187
2378.90625	4.91306	-5.22226	0.95171	-2.24572
2382.81250	7.55149	-5.02558	2.16065	1.55539
2386.71875	11.50762	-2.50792	0.54908	5.36234
2390.62500	3.44139	2.60072	-1.06256	4.23919
2394.53125	6.87268	3.08775	-1.46541	-2.06904
2398.43750	15.08723	-1.56148	-1.86819	-1.53690
2402.34375	11.76069	-0.18022	-3.88271	2.16801
2406.25000	14.34691	1.49312	-1.86794	8.14291
2410.15625	15.36061	0.95902	1.75851	8.02517
2414.06250	-0.11121	1.08039	2.16159	2.10100
2417.96875	-10.22069	0.08435	2.16174	0.00346
2421.87500	-12.63411	1.44648	0.14722	-0.84806
2425.78125	-13.40997	-0.14350	-1.06146	-1.19166
2429.68750	-3.73267	-1.89401	-0.25546	-3.91933
2433.59375	-1.06944	-0.12618	-1.46410	-7.00955
2437.50000	-7.75252	0.92345	0.95366	-6.89125
2441.40625	-10.83826	-1.35466	0.55092	-3.05684
2445.31250	-11.32424	-3.38778	-3.88120	-4.91095
2449.21875	-13.94457	-3.94281	-2.26936	-9.83885
2453.12500	-9.69774	-2.94951	-1.06040	-6.83972
2457.03125	-3.69929	-2.67133	-1.86608	-4.89359
2460.93750	1.02723	-0.12236	0.14873	1.99288
2464.84375	4.88835	1.43106	1.35769	4.23938
2468.75000	3.66576	2.46901	0.14903	3.15721
2472.65625	3.82418	1.87776	0.95501	9.05314
2476.56250	3.95273	0.17841	0.14931	3.98158
2480.46875	8.85572	1.11348	-1.86518	4.23170
2484.37500	6.21469	-0.19225	-3.47678	3.69785
2488.28125	1.15212	-0.38681	-2.26785	1.62346
2492.18750	8.87754	0.65626	-0.25305	3.99887
2496.09375	3.51904	1.41350	2.16472	1.19957
2500.00000	-5.08523	1.14346	0.15024	3.26077
2503.90625	-9.76522	1.81595	-2.26720	-1.29422
2507.81250	-10.60438	0.78722	-1.05823	-5.17411
2511.71875	0.63101	0.63894	-1.46103	-2.26306
2515.62500	8.29676	2.64505	-1.46087	-0.74984
2519.53125	2.71728	2.38455	1.35986	2.70959
2523.43750	-1.14963	0.20286	0.55417	-1.86955
2527.34375	-1.78512	1.15658	-1.86330	-7.16399
2531.25000	-4.39078	1.02029	-0.65436	-4.90181
2535.15625	-12.33537	-0.55976	0.55460	-1.86819
2539.06250	-10.04763	1.20955	-0.25113	-0.64198
2542.96875	1.43543	0.60956	-0.65387	-6.08283
2546.87500	-2.60900	0.72200	-1.05668	-9.58461
2550.78125	-11.42223	-0.21404	-1.45948	-11.17388
2554.68750	-9.21834	-4.17209	2.16708	-12.23069
2558.59375	-7.52217	-4.79991	4.58486	-7.59714
2562.50000	-8.46077	-2.20225	2.16744	-9.09513
2566.40625	-7.03203	-0.51584	-0.65288	-1.15413
2570.31250	-6.35724	-0.24280	1.36193	13.56850
2574.21875	-2.49662	1.07525	1.36211	6.84113
2578.12500	10.69417	3.29325	-3.87579	-0.82777
2582.03125	11.86820	3.45240	-4.68145	-4.05250
2585.93750	8.31529	2.27875	-3.06958	-3.22719
2589.84375	10.40499	2.14322	-2.26355	-1.59385
2593.75000	1.78875	-0.53245	-3.06921	-4.28925
2597.65625	-12.61639	-5.13449	-1.05439	-2.89642
2601.56250	-13.33173	-4.99100	-1.05422	-3.84483
2605.46875	-6.53028	-1.36960	-3.87454	-5.32652
2609.37500	3.81377	-0.71074	-1.85972	-3.47754
2613.28125	10.89395	1.48132	-1.05370	-1.70590
2617.18750	1.92203	2.55363	-2.26231	-7.75796
2621.09375	-0.25580	0.26956	-2.26210	-10.07945
2625.00000	1.21299	1.03028	-3.06773	-8.65917
2628.90625	-4.37026	1.67219	-1.45586	-8.20266
2632.81250	-11.03856	-1.74814	0.96191	-2.33560
2636.71875	-18.62162	-3.05707	1.76791	4.33124
2640.62500	-9.75010	-5.34538	-2.26123	2.63163
2644.53125	0.51782	-3.81798	-3.46984	2.49091
2648.43750	-3.26510	-1.98953	-1.05203	6.79184
2652.34375	-5.98326	-2.96806	-0.64886	2.68187
2656.25000	-1.72033	-5.85038	-1.05161	-2.89230
2660.15625	6.12982	-8.13698	-1.45436	3.26725
2664.06250	5.08070	-3.02044	-2.66290	5.96582
2667.96875	0.68391	-2.02463	-5.08031	-0.80319
2671.87500	3.49953	-4.19270	-5.08010	0.85192
2675.78125	5.48342	-0.18536	-4.67693	-1.62730
2679.68750	5.87862	0.75908	-3.46797	1.50110
2683.59375	12.07907	-1.00895	-1.05015	7.40969
2687.50000	11.10573	-2.46168	2.57647	8.09509
2691.40625	-3.13512	-2.60136	2.17372	4.66149
2695.31250	-2.64981	-2.18010	-1.45245	1.67830
2699.21875	6.41666	-1.62523	-2.66095	3.78350
2703.12500	3.78090	-5.03619	0.15979	10.45253
2707.03125	2.21401	-6.92626	1.36881	11.72752
2710.93750	5.14240	-2.62555	0.16023	8.86797
2714.84375	4.10100	-0.55270	-3.06300	4.20154
2718.75000	5.72575	0.02090	-6.28626	-11.23880
2722.65625	-3.29792	0.20910	-2.25677	-14.71948
2726.56250	-11.88904	0.69954	-0.64481	-9.65035
2730.46875	5.36830	2.18199	-3.86807	-7.48536
2734.37500	-1.25891	1.47291	-3.86786	-8.16269
2738.28125	-13.12023	-0.75019	-1.45013	-7.29951
2742.18750	1.71760	0.22128	0.96767	0.79891
2746.09375	2.24011	0.67271	1.37085	6.81917
2750.00000	0.36734	-1.87794	0.16224	1.12918
2753.90625	1.42013	-1.74463	1.77413	-4.79432
2757.81250	3.06431	-0.31307	-1.44913	-3.33434
2761.71875	7.13942	-0.97082	-3.46358	-0.60670
2765.62500	5.91983	-2.57411	-2.65745	-0.51050
2769.53125	-3.00694	0.50677	-3.06018	-1.15166
2773.43750	-12.03460	2.68839	-3.05997	0.60468
2777.34375	-5.75874	-0.68301	-1.85095	7.91148
2781.25000	4.09896	-4.57606	-0.23904	8.06460
2785.15625	5.59594	-3.39902	-0.64172	-1.41818
2789.06250	0.88999	0.06963	-3.05912	-5.46713
2792.96875	-12.60846	-1.34508	-6.68525	-3.25199
2796.87500	-6.95286	-1.45763	-5.47631	-0.96127
2800.78125	-2.57249	-0.52169	-6.28195	-2.59763
2804.68750	-12.43278	-3.41350	-4.26707	-6.37824
2808.59375	-12.11499	-2.78583	-1.84923	-5.37308
2812.50000	-9.96818	0.66036	-5.07245	-5.89201
2816.40625	-4.95043	-3.04069	-6.28102	-10.61180
2820.31250	4.44759	-5.32844	-4.66905	-10.02528
2824.21875	-0.62235	-3.42307	-3.05712	-4.50886
2828.12500	-14.21675	-6.04415	-4.66857	-7.72127
2832.03125	-8.13877	-7.81508	-3.86248	-3.69281
2835.93750	1.05454	-5.83568	-3.86225	3.13537
2839.84375	-1.03572	-2.87969	-1.04151	-1.72351
2843.75000	-5.31380	-4.23346	0.97339	-4.26845
2847.65625	-0.98244	-4.46658	-0.63808	-0.82829
2851.56250	3.76164	-2.19255	-1.84666	2.53548
2855.46875	-3.44333	-3.79930	-5.47286	-2.02886
2859.37500	-0.49132	-0.02599	-5.06968	-1.46252
2863.28125	6.53036	2.21419	-4.26361	-0.41580
2867.18750	3.41365	-0.87280	-6.68093	-5.24510
2871.09375	2.36734	-1.81223	-5.87483	-2.12007
2875.00000	-1.51978	-0.96126	-2.65115	-1.52797
2878.90625	-9.23407	0.41140	-1.03923	-5.21012
2882.81250	-11.83396	0.60825	-2.24778	-1.40919
2886.71875	-12.71319	-3.32086	-4.66506	-4.45211
2890.62500	-8.69153	-6.67362	-7.48536	-4.36656
2894.53125	-8.08068	-2.56006	-6.27632	-4.22805
2898.43750	-14.77460	2.46121	-2.24677	-16.18700
2902.34375	-16.89245	1.42509	-5.06699	-15.30282
2906.25000	-16.32093	-2.54244	-3.45505	-9.32798
2910.15625	-9.26321	-3.88223	-3.45483	-8.23706
2914.06250	-6.20005	-4.16353	-8.69269	-12.14656
2917.96875	-4.62437	-2.74177	-7.48365	-21.09402
2921.87500	1.82679	-0.57362	-5.87167	-20.73672
2925.78125	-4.99292	-1.76047	-6.67727	-12.21575
2929.68750	-14.25328	-3.10781	-6.67702	-10.91404
2933.59375	-11.18694	-1.74282	-2.24459	-12.39254
2937.50000	-10.21417	0.11285	0.17325	-9.45371
2941.40625	-5.64413	-1.76210	-1.84118	-2.79872
2945.31250	-0.48901	-4.60092	-1.43803	-2.63818
2949.21875	-4.31801	-5.15578	-2.64651	-2.73087
2953.12500	-6.11514	-1.34193	-3.45216	6.31211
2957.03125	-7.36943	-2.27235	0.98039	1.81143
2960.93750	-11.91031	-6.97599	-0.63103	-6.21043
2964.84375	-4.01991	-4.61661	-1.43664	-0.33755
2968.75000	2.01031	-2.77265	2.19004	10.26522
2972.65625	-4.27815	-4.97540	0.57859	10.92298
2976.56250	-2.53773	-5.46576	1.78755	3.43374
2980.46875	4.78286	-4.12763	4.20539	6.50432
2984.37500	-3.09630	-3.41851	1.38512	8.38790
2988.28125	-12.99411	-2.80712	0.57950	5.50753
2992.18750	-14.13308	-2.16676	-0.62907	0.63006
2996.09375	-15.86524	-3.82693	-0.62885	-3.37812
