 	TP9	AF7	AF8	TP10	
-1000.00000	-2.79233	-13.49682	9.32086	-1.22058
-996.09375	-7.19461	-14.28381	2.49494	-4.69464
-992.18750	-7.43060	-15.43642	1.93481	-3.59525
-988.28125	-12.88003	-19.42806	4.09876	-10.34610
-984.37500	-9.63928	-22.51508	4.22423	-7.63882
-980.46875	-13.47288	-18.24714	2.53819	-6.40557
-976.56250	-12.13374	-14.68351	4.36788	-9.57120
-972.65625	-7.54544	-11.84534	7.81156	-8.10275
-968.75000	-12.15662	-16.18454	7.74970	-7.12628
-964.84375	-10.78369	-17.45276	3.59756	-9.45210
-960.93750	-7.58661	-14.17825	2.62978	-9.36984
-957.03125	-9.75875	-17.52667	6.26040	-5.71156
-953.12500	-7.13127	-18.30098	8.43885	-4.44130
-949.21875	-5.76869	-20.55402	8.14979	-7.33016
-945.31250	-7.73745	-19.23928	8.60484	-6.80685
-941.40625	-6.45038	-14.18181	6.77345	-5.26608
-937.50000	0.70211	-15.56582	4.54922	-5.62889
-933.59375	-6.24961	-17.07975	3.01514	-12.78429
-929.68750	-15.88489	-21.25299	2.88182	-16.99746
-925.78125	-14.94998	-18.19771	3.93094	-11.35833
-921.87500	-12.03360	-11.80805	6.10188	-11.80776
-917.96875	-11.39919	-15.65551	6.48892	-15.38665
-914.06250	-5.76837	-13.02322	5.64665	-8.58173
-910.15625	-7.86910	-13.04263	4.03407	-4.69951
-906.25000	-11.81998	-13.51572	4.07768	-6.55754
-902.34375	-7.36196	-12.29131	5.04437	-6.00826
-898.43750	-3.36939	-10.94983	6.43999	-3.97480
-894.53125	-0.10953	-10.56992	5.86123	-6.77225
-890.62500	-2.69935	-16.87593	-2.89778	-6.70485
-886.71875	-6.76337	-14.85732	-3.44898	-3.65981
-882.81250	-6.88499	-14.82083	6.82109	-6.37975
-878.90625	-5.83907	-16.36019	10.85041	-7.66844
-875.00000	-2.22803	-16.17329	8.90110	-4.16263
-871.09375	-7.25857	-19.86025	11.09896	-1.26413
-867.18750	-8.20301	-15.76997	10.35911	-4.65531
-863.28125	-1.27608	-15.36238	6.19029	-6.04701
-859.37500	-9.94284	-14.96571	7.22972	-5.11984
-855.46875	-6.94497	-17.75219	6.71140	-4.40981
-851.56250	-2.65012	-16.75998	6.94235	-9.34286
-847.65625	-0.79626	-9.80158	5.20660	-11.93997
-843.75000	3.07994	-8.67176	2.34239	-2.16167
-839.84375	-3.98512	-7.97632	3.63641	1.65370
-835.93750	-1.01795	-12.08974	7.35465	0.11249
-832.03125	6.64675	-8.38415	8.40791	4.49971
-828.12500	9.83889	-1.78291	6.87890	0.69463
-824.21875	9.87219	-3.20441	3.73450	0.87284
-820.31250	0.36832	-8.28612	2.88991	0.96834
-816.40625	-1.82336	-8.86283	5.59601	0.10817
-812.50000	6.47602	-5.61607	7.84305	1.56121
-808.59375	4.37516	-4.60416	6.91314	3.44515
-804.68750	-2.19301	-2.58019	6.73657	4.29497
-800.78125	5.96526	-3.80643	2.57147	1.29114
-796.87500	3.89142	-6.46569	-0.57616	-0.01732
-792.96875	2.82362	-8.86354	2.02752	0.75507
-789.06250	5.38108	-10.60679	0.87616	0.35069
-785.15625	-6.05919	-7.19526	3.28564	-1.53553
-781.25000	-3.67906	-9.04092	4.29072	-1.80013
-777.34375	2.79298	-8.93304	0.92878	-3.91393
-773.43750	-4.77385	-4.83513	1.03838	-4.39189
-769.53125	-8.90576	-8.90990	3.67615	-2.94170
-765.62500	4.77853	-8.17844	5.46584	0.73803
-761.71875	6.53434	-11.89901	4.01604	4.20063
-757.81250	-1.11679	-12.24052	-2.37765	0.88957
-753.90625	0.54580	-4.01301	-1.16420	-3.83346
-750.00000	-4.65119	-7.16805	2.42003	-0.38536
-746.09375	0.15504	-9.55248	2.79781	2.28161
-742.18750	9.65959	-9.15385	3.75965	-0.43077
-738.28125	5.43987	-8.73677	2.80321	-2.14262
-734.37500	7.84141	-3.58331	3.48246	-0.01582
-730.46875	0.39428	0.25913	1.13809	3.58506
-726.56250	-3.36110	-2.44699	0.51606	0.70563
-722.65625	12.60140	-6.44233	4.32398	-2.77849
-718.75000	10.36425	-4.87223	-0.04753	-2.14409
-714.84375	3.75460	-3.55258	-3.55228	-1.83375
-710.93750	8.61755	-4.35812	0.63771	4.12710
-707.03125	18.44703	-3.37597	1.03536	18.59993
-703.12500	15.01533	-6.98268	9.73494	17.73191
-699.21875	-7.29806	-6.69307	12.44051	-1.54105
-695.31250	-4.52187	-4.73335	7.14917	-2.06504
-691.40625	7.89226	-3.69587	5.75606	5.66090
-687.50000	-0.46739	-3.06671	6.36751	2.79963
-683.59375	-3.99036	-3.11356	5.48296	3.50750
-679.68750	-1.60624	-2.51589	0.78016	7.31713
-675.78125	1.89286	-1.49106	1.74475	7.72133
-671.87500	7.03669	0.63147	5.61665	4.14082
-667.96875	8.41859	-1.51439	8.45203	6.51033
-664.06250	6.41566	-0.46979	10.50208	8.16637
-660.15625	0.45936	3.62942	8.08439	9.52158
-656.25000	10.05281	0.12352	5.62223	8.55843
-652.34375	6.80517	-3.87106	7.07203	6.79966
-648.43750	-8.46786	-6.37103	8.09298	8.79483
-644.53125	-0.44409	-3.07444	1.82098	5.14481
-640.62500	-1.47897	0.46110	-0.70302	2.25624
-636.71875	-1.03964	-1.50750	1.86185	5.25452
-632.81250	5.53045	-2.70276	-0.35058	6.76503
-628.90625	2.06845	-1.51649	-0.35163	1.20330
-625.00000	0.07068	0.76396	-2.43249	2.93488
-621.09375	-0.53832	-0.33451	-7.45186	7.28852
-617.18750	8.06330	1.66888	-3.08655	1.41158
-613.28125	9.59942	0.10214	0.67837	-6.46472
-609.37500	-6.31105	-4.67721	-0.76487	-8.60134
-605.46875	-7.29286	-1.43830	-1.85925	-2.46225
-601.56250	4.93386	0.03651	-0.07647	0.05259
-597.65625	5.90201	-1.63447	1.25557	-1.78326
-593.75000	4.44485	-6.74425	3.31314	1.33164
-589.84375	3.04978	-7.79340	4.83869	5.17126
-585.93750	-3.13927	-2.82489	3.13424	8.72640
-582.03125	8.13517	-6.88435	6.10936	7.96482
-578.12500	2.52695	-6.98965	6.02583	5.72532
-574.21875	-2.74305	-9.54846	3.93124	6.35213
-570.31250	0.31529	-10.46179	4.37204	6.25579
-566.40625	-5.95325	-5.80688	1.66510	1.87708
-562.50000	-3.77519	-5.78136	2.23772	3.64663
-558.59375	-4.49364	-7.14754	4.37548	4.58227
-554.68750	4.49327	-10.33169	2.53661	0.91098
-550.78125	5.20050	-4.62462	-2.96946	-0.11561
-546.87500	0.42553	2.91831	-6.67256	3.60934
-542.96875	9.55295	-0.27635	-0.00973	13.71498
-539.06250	4.57883	-4.12571	3.55836	11.70057
-535.15625	-2.51482	-4.66842	1.55095	10.76499
-531.25000	0.74679	0.04600	1.35083	5.79026
-527.34375	0.31954	0.38927	4.71192	-2.17041
-523.43750	-1.78317	1.17468	4.19856	2.73842
-519.53125	-0.87384	2.47698	1.15699	4.10742
-515.62500	20.09470	-1.42989	5.00736	10.49972
-511.71875	28.81589	4.75624	6.45633	23.15308
-507.81250	9.87453	6.75731	2.37305	4.70469
-503.90625	8.21290	5.02453	-6.09398	-10.31706
-500.00000	9.38153	6.61569	-10.88785	-4.90171
-496.09375	10.62024	5.42140	-7.64008	1.29471
-492.18750	14.41346	9.90554	-4.17039	10.45289
-488.28125	8.15804	6.31251	0.00865	6.92555
-484.37500	1.32536	5.23581	-0.26840	1.17148
-480.46875	1.92391	1.84373	0.06067	0.39014
-476.56250	4.47178	-3.46150	1.89069	6.08917
-472.65625	4.22473	2.99874	-0.70912	4.73719
-468.75000	9.68671	2.28166	-0.36758	0.07279
-464.84375	12.26832	-1.00548	4.74823	0.16467
-460.93750	-1.45772	-1.36169	2.16926	2.26179
-457.03125	-4.03298	-0.28225	-2.66125	3.90554
-453.12500	3.83241	-3.07543	0.32354	2.75830
-449.21875	3.18030	-3.31819	4.46711	7.52519
-445.31250	0.40562	-0.79897	2.50491	4.82522
-441.40625	-2.73957	-5.81912	1.07685	1.93388
-437.50000	-4.45168	-5.19288	4.09116	3.98879
-433.59375	4.31077	-1.87598	4.16914	2.87753
-429.68750	-0.48948	-5.65056	2.02154	5.51423
-425.78125	-8.01637	-8.64355	3.47397	1.88604
-421.87500	-0.66802	-9.51103	2.82483	-0.98089
-417.96875	-2.04844	-4.90138	1.19768	-4.15678
-414.06250	-4.47638	-3.88512	-0.45005	-4.60457
-410.15625	5.10766	-5.11763	-1.25634	-0.72227
-406.25000	2.36546	-4.78911	1.60816	-2.17726
-402.34375	-13.72614	-3.56901	0.96353	4.01322
-398.43750	-14.16597	-5.05238	-0.05799	4.03220
-394.53125	-2.84769	-8.70607	0.57242	2.84645
-390.62500	-5.43771	-5.34604	0.67823	8.15197
-386.71875	-12.32250	-7.76400	2.14210	1.92972
-382.81250	2.86702	-11.76114	1.93640	-2.80484
-378.90625	3.50990	-9.27548	-0.88375	-7.31697
-375.00000	-5.77300	-12.71915	-2.02685	-7.03458
-371.09375	3.70175	-9.96351	0.57437	-0.91251
-367.18750	-1.27219	-9.10092	1.84956	-3.09477
-363.28125	-11.26841	-10.30937	-3.12473	0.34878
-359.37500	-10.26507	-6.69357	-1.68207	2.08185
-355.46875	-2.02928	-5.45508	-0.58826	-2.44614
-351.56250	-2.56974	-5.27299	-1.96864	4.70875
-347.65625	-2.32783	-7.18336	0.32527	6.94689
-343.75000	-5.70449	-5.65498	-0.52397	3.02560
-339.84375	-9.54627	-4.56087	1.17349	-0.00875
-335.93750	-0.53540	-5.85807	2.47457	2.88235
-332.03125	-1.33231	-1.35088	0.70773	8.88144
-328.12500	-6.19897	-3.61836	-0.41803	4.67351
-324.21875	-3.34520	-3.02948	-0.33860	3.24015
-320.31250	-8.41687	-2.87737	-1.98864	-1.09629
-316.40625	-8.59389	-2.24951	-2.90855	-2.76213
-312.50000	5.34649	0.99292	-1.86994	0.30286
-308.59375	9.28964	-0.81990	-2.79940	2.99298
-304.68750	-6.94877	-4.03826	-0.96096	5.05197
-300.78125	-7.65475	-8.49217	-1.09624	1.24275
-296.87500	1.15080	-5.51473	-1.42290	0.33773
-292.96875	-0.31961	-5.90223	1.58423	5.94576
-289.06250	-6.62640	-6.44097	2.44800	3.93031
-285.15625	-4.36677	-5.45127	1.63448	5.67107
-281.25000	4.86371	-8.10713	2.63997	11.04818
-277.34375	-3.57220	-8.00352	0.89024	5.30871
-273.43750	-3.48289	-8.34217	-5.04356	-0.00366
-269.53125	-0.76452	-5.57143	-6.43456	-2.98502
-265.62500	-1.98820	-4.84428	-5.45015	-4.94563
-261.71875	5.40908	3.92170	1.56201	2.94988
-257.81250	19.11372	16.06677	14.91226	17.36845
-253.90625	25.61183	8.97861	12.90269	12.24311
-250.00000	-3.35772	-10.29801	-0.03277	-16.94556
-246.09375	-24.33880	-11.88085	-1.26628	-27.57479
-242.18750	-22.89272	2.21320	-4.73625	-35.12181
-238.28125	-10.59206	19.95216	-10.93027	-24.74532
-234.37500	-9.80201	15.02812	-9.84758	-23.82687
-230.46875	-61.16847	-5.30952	-7.35632	-69.78607
-226.56250	-96.35236	-0.36415	-1.53099	-92.00576
-222.65625	-111.01250	3.69496	-0.14022	-105.96576
-218.75000	-127.75519	-0.38010	1.53267	-126.28358
-214.84375	-138.39417	-1.07928	8.10164	-140.88152
-210.93750	-154.88667	4.55794	3.02467	-173.19904
-207.03125	-183.33577	-2.92555	-4.23300	-199.42206
-203.12500	-202.07904	-3.71592	-6.00923	-208.75162
-199.21875	-210.69310	-5.44512	1.53194	-221.57774
-195.31250	-205.09671	-5.50411	7.52318	-218.07245
-191.40625	-202.75609	6.00549	-0.31639	-214.77878
-187.50000	-200.23686	2.19824	2.31011	-210.38734
-183.59375	-195.70139	2.95316	5.85820	-201.62097
-179.68750	-192.51175	5.56131	1.96162	-200.63193
-175.78125	-174.91042	3.76144	1.71780	-186.52812
-171.87500	-164.12589	1.85062	1.56083	-173.58855
-167.96875	-161.93842	1.71528	2.78487	-165.17513
-164.06250	-147.82436	3.96457	5.23829	-149.41660
-160.15625	-132.82843	2.41864	1.20934	-147.65846
-156.25000	-123.63815	3.34091	-5.68460	-140.96591
-152.34375	-106.33656	2.96861	-7.86075	-120.96648
-148.43750	-101.86620	6.10568	-8.85400	-108.89809
-144.53125	-88.20166	9.39819	-7.47000	-89.98408
-140.62500	-60.62877	3.25941	-3.54672	-70.71149
-136.71875	-55.35452	2.49562	-2.99608	-60.46050
-132.81250	-47.97876	-0.31533	-3.99936	-48.47385
-128.90625	-23.23581	-3.96823	-5.20868	-25.42754
-125.00000	-2.26667	-4.51219	-6.08031	-10.80206
-121.09375	5.98863	-0.77951	-5.05525	-5.64268
-117.18750	8.54609	0.41397	-1.49540	10.64158
-113.28125	25.79623	-7.60374	0.65831	19.68826
-109.37500	34.06140	-7.14902	-2.79913	29.63961
-105.46875	31.06476	-8.74925	-5.50475	36.18167
-101.56250	38.85909	-10.50201	-3.72150	39.09944
-97.65625	49.09449	-5.73005	-7.62720	45.72521
-93.75000	64.15727	-6.81452	-11.21020	54.48109
-89.84375	67.19439	-10.68816	-6.86367	58.32076
-85.93750	56.57291	-11.76769	-4.94144	59.86136
-82.03125	63.01197	-10.19014	-3.98049	62.72622
-78.12500	73.52081	-11.10538	-4.06358	62.09842
-74.21875	70.26523	-11.65356	-6.96366	69.17218
-70.31250	63.25009	-14.98853	-7.73124	68.27004
-66.40625	66.24884	-19.20217	-7.21421	64.69724
-62.50000	65.20334	-17.97190	-1.80599	70.09315
-58.59375	70.93163	-16.11860	1.13815	69.01422
-54.68750	73.47147	-14.06864	0.10550	71.38692
-50.78125	60.07596	-12.39491	1.44960	74.38972
-46.87500	58.52424	-14.52635	3.79094	66.02679
-42.96875	68.45732	-10.06946	1.18682	65.25338
-39.06250	65.49774	-12.31114	-0.07980	72.10348
-35.15625	70.08887	-16.88721	3.95721	73.58561
-31.25000	68.51517	-18.62366	8.18974	75.86360
-27.34375	59.22323	-15.46395	7.92482	69.51457
-23.43750	65.17894	-9.04155	3.38255	63.54439
-19.53125	67.69986	-14.99601	1.14735	55.24318
-15.62500	66.91002	-15.68337	-0.64286	53.17402
-11.71875	74.01930	-13.93347	6.04462	63.81277
-7.81250	68.77739	-11.93637	6.79685	57.04933
-3.90625	50.99835	-4.00283	-0.05799	47.66855
0.00000	56.59904	-3.22156	2.80426	55.50143
3.90625	64.68733	-4.82275	2.02316	59.68328
7.81250	60.82465	-7.59539	5.09032	58.36527
11.71875	48.92810	-4.74552	5.64344	53.62926
15.62500	46.93039	-3.00575	2.14329	48.27814
19.53125	46.31993	-5.59592	2.87564	49.51154
23.43750	40.80899	-2.04067	-0.12905	51.18124
27.34375	47.41165	-4.85182	2.50965	50.63525
31.25000	47.63530	-5.17003	10.91026	44.76212
35.15625	47.39619	-1.20841	9.57950	45.25697
39.06250	34.47577	-6.00076	4.58330	40.90720
42.96875	26.66222	-8.55160	3.78254	32.47764
46.87500	42.98903	-8.93122	3.94721	34.95684
50.78125	39.11330	-4.74570	0.43562	33.27689
54.68750	26.66816	-5.85671	0.89138	27.75644
58.59375	29.96970	-7.25435	1.07546	27.28281
62.50000	37.92780	-5.42314	2.88140	30.14362
66.40625	33.79632	-3.72194	4.97450	35.07638
70.31250	24.56370	1.36405	2.02149	34.08681
74.21875	23.08075	-3.24455	0.65386	30.86162
78.12500	23.17634	-7.74225	4.84031	26.78606
82.03125	27.43679	-7.16568	10.46633	29.25126
85.93750	30.24693	-5.34745	8.41611	30.41526
89.84375	23.71358	-2.15156	5.59560	28.65666
93.75000	20.97129	-2.63279	6.04295	30.02226
97.65625	22.60853	0.59807	5.39883	25.73661
101.56250	21.76563	-1.69511	6.39235	21.72636
105.46875	28.24869	-2.12927	7.42612	24.57005
109.37500	23.64400	1.22688	7.12948	26.24936
113.28125	6.68596	2.43144	5.37037	18.81843
117.18750	10.59337	2.45963	4.76217	12.87525
121.09375	22.92105	1.71798	5.16602	18.03363
125.00000	22.09962	5.12018	4.82925	17.91328
128.90625	16.66589	5.45441	7.43088	15.57391
132.81250	10.88599	3.49259	5.88593	15.40641
136.71875	6.53068	1.07155	0.91210	13.20899
140.62500	7.93697	-4.98684	4.36991	13.73339
144.53125	16.17277	-1.73755	-0.57973	12.02597
148.43750	18.45271	2.46999	-3.57139	15.15165
152.34375	9.83000	2.57047	1.54344	14.97224
156.25000	8.87086	-2.75476	1.90347	13.06567
160.15625	7.04364	-5.29091	0.78080	12.04609
164.06250	2.75773	-3.36852	-0.73816	2.44652
167.96875	10.42229	-7.72965	-0.08695	7.63982
171.87500	10.79370	-7.58342	6.44348	15.92290
175.78125	3.97712	-6.99835	7.73214	9.25160
179.68750	13.41087	-4.83542	3.26209	6.12408
183.59375	14.03962	1.83244	1.13382	7.68183
187.50000	6.62462	1.84766	-1.85638	6.71767
191.40625	3.31497	0.03105	-3.59120	3.36396
195.31250	10.04362	-2.78819	-0.94648	9.85531
199.21875	14.97864	0.40967	3.35088	13.29893
203.12500	10.89032	4.59221	6.24810	12.39407
207.03125	17.88123	4.60377	4.42046	11.95827
210.93750	11.57439	2.85239	2.46420	12.36049
214.84375	7.79011	-1.80278	2.85999	13.29557
218.75000	14.19998	-0.03013	2.25428	12.62883
222.65625	14.62842	0.87555	1.71374	11.72465
226.56250	22.37332	2.14487	-0.19035	11.65049
230.46875	16.63007	2.89724	1.64251	12.29567
234.37500	12.98872	-1.21455	7.86542	12.34973
238.28125	17.56544	0.69775	6.81938	13.39557
242.18750	16.36156	2.36290	2.44124	18.94985
246.09375	19.63612	2.52368	2.04391	21.07735
250.00000	16.05101	0.56933	3.21145	16.46746
253.90625	14.81346	-0.21139	2.78424	9.86765
257.81250	17.87128	2.59682	11.80556	14.40869
261.71875	20.90445	3.81177	14.07348	21.56196
265.62500	23.30602	3.31626	3.06865	16.83941
269.53125	23.11158	-1.31084	-0.08075	9.96462
273.43750	20.56495	-0.39857	4.13330	11.51797
277.34375	8.72523	6.47715	3.10688	11.66063
281.25000	4.47325	5.62179	2.36263	13.90703
285.15625	12.77182	4.11292	6.11157	15.82935
289.06250	11.18771	2.49356	9.49656	9.29960
292.96875	10.54078	1.45311	10.70083	2.82025
296.87500	9.92932	1.06185	10.53670	7.19058
300.78125	5.34460	0.94061	6.79629	15.71996
304.68750	11.34384	-1.13684	4.72937	13.98731
308.59375	12.07253	-6.15123	9.38108	12.84890
312.50000	10.56226	-3.51549	8.78454	14.41993
316.40625	10.66538	0.86193	9.10966	11.50149
320.31250	8.21398	1.85460	7.63102	7.65553
324.21875	4.05694	-1.15788	6.98468	12.49201
328.12500	1.54479	-2.26668	9.24581	12.94094
332.03125	-2.71469	0.81765	9.66445	5.23726
335.93750	2.53484	1.45149	12.11825	6.49054
339.84375	7.86032	0.70763	7.68669	9.45759
343.75000	5.36557	-5.22369	5.22537	9.70333
347.65625	12.59386	-6.00272	5.87024	8.75058
351.56250	19.07880	-0.85475	5.68327	8.32823
355.46875	5.74689	-3.20700	8.27651	10.31939
359.37500	4.71166	-0.08213	6.96214	9.84858
363.28125	14.01507	-1.25262	6.30442	15.26455
367.18750	8.89988	-6.08206	8.92801	15.16347
371.09375	4.22879	-0.87416	10.13660	4.76660
375.00000	9.88652	-0.21314	10.07124	2.46906
378.90625	10.48603	-1.31931	7.06738	7.22571
382.81250	15.05811	-6.57646	7.40423	12.22806
386.71875	20.62311	-10.97146	4.32019	12.00755
390.62500	-0.92870	-10.52037	2.07186	5.84181
394.53125	-9.96940	-13.33315	5.81358	1.50490
398.43750	-2.57804	-10.25435	8.40310	-0.00936
402.34375	4.03090	-10.72420	13.76521	2.99017
406.25000	6.60284	-7.38021	9.77974	6.10518
410.15625	-0.43344	-6.42232	4.05338	3.49803
414.06250	0.22702	-7.10254	7.99078	-3.01992
417.96875	8.27773	-4.31979	7.74334	-3.37836
421.87500	9.51914	-9.26797	9.27234	3.24678
425.78125	8.68104	-7.80519	6.77565	8.70901
429.68750	-1.96046	-3.48806	3.99385	4.98648
433.59375	-12.66139	-2.46721	5.72004	-1.80963
437.50000	-0.00734	-4.06107	7.09938	-0.03989
441.40625	9.34727	-3.01728	8.83516	3.71651
445.31250	-3.42426	-1.77679	3.37080	1.25416
449.21875	-10.77583	-6.15066	-2.53738	-2.59268
453.12500	-9.50708	-5.06222	2.22197	1.53540
457.03125	-5.21510	-12.29383	9.28856	5.59726
460.93750	-1.32492	-14.53908	6.81346	3.18013
464.84375	-3.18067	-6.22496	3.59814	5.06529
468.75000	-0.32215	-7.15912	4.60766	0.89659
472.65625	-1.55551	-9.24106	7.16373	-5.45220
476.56250	-10.91113	-12.08955	12.29224	-5.78123
480.46875	-10.40493	-12.80954	4.41640	-4.81491
484.37500	-7.56843	-10.27703	0.20910	0.77162
488.28125	-5.29437	-10.94833	4.47940	3.75484
492.18750	12.02769	-10.96945	-0.00597	2.22968
496.09375	22.85662	-16.73910	-0.01061	18.63662
500.00000	7.90790	-9.91747	2.85206	22.44040
503.90625	-11.80596	-1.85193	3.68316	2.44658
507.81250	-6.40122	-5.43396	5.94485	5.96395
511.71875	3.46046	-7.01984	7.30423	16.13656
515.62500	4.28324	-8.50700	6.22213	17.23241
519.53125	9.71681	-4.65393	3.73151	15.24256
523.43750	13.47323	-2.71397	4.75656	19.33005
527.34375	3.95867	-0.69356	3.76932	16.36658
531.25000	-7.50274	-3.43289	2.49996	5.25547
535.15625	-3.71245	-5.51884	1.57258	7.36219
539.06250	5.52829	-4.27096	-1.00560	7.04189
542.96875	-3.49409	-8.43715	-3.41770	4.25359
546.87500	-9.73143	-4.79107	-4.86434	5.12123
550.78125	-2.72818	-5.84726	-1.92876	5.05309
554.68750	-5.50311	-6.96192	4.97437	9.60600
558.59375	-8.64853	-3.93095	3.54714	9.53535
562.50000	3.33881	-7.74441	-1.09339	6.35222
566.40625	12.90688	-6.04669	-1.01453	4.03227
570.31250	-4.38452	-8.61998	0.86795	5.46040
574.21875	-7.47931	-8.80001	1.51528	8.27928
578.12500	3.49541	-0.81037	-1.95359	6.62138
582.03125	-0.70579	0.56851	-2.37121	8.68381
585.93750	4.52179	-1.24323	-1.60059	8.63912
589.84375	8.06178	-4.09495	-1.19733	4.86601
593.75000	2.49893	-5.78847	2.07096	5.82883
597.65625	5.34490	-4.17279	4.65064	10.81075
601.56250	4.90488	-3.24602	4.03282	12.44167
605.46875	4.13521	-3.68368	-2.18579	7.22686
609.37500	7.18602	-2.74869	-0.46752	6.48869
613.28125	4.33034	4.89923	4.22059	8.32523
617.18750	11.46112	6.93858	1.59804	8.82899
621.09375	19.35649	3.77578	3.61387	12.37573
625.00000	14.10279	-0.88417	4.48623	16.68766
628.90625	14.31005	-2.56822	2.65601	17.16887
632.81250	7.32129	3.12209	3.93205	7.73410
636.71875	9.81572	1.50329	5.00258	6.74571
640.62500	18.07168	4.70871	11.28131	14.92591
644.53125	11.39895	2.31349	5.12315	13.62158
648.43750	2.15511	-1.70996	-5.05730	3.31964
652.34375	4.17901	2.61163	-3.06465	6.25430
656.25000	9.68582	-0.67369	0.13042	9.68118
660.15625	6.92092	-0.70023	1.46582	1.04829
664.06250	3.43000	-3.72101	4.66377	-3.40565
667.96875	6.33211	-6.37690	4.52948	-4.64950
671.87500	0.18493	1.18835	0.71612	3.20688
675.78125	4.44940	1.52435	0.32245	4.46298
679.68750	2.97457	-2.55527	1.44525	-5.16743
683.59375	3.21551	-2.89819	6.07411	0.35601
687.50000	15.26054	-0.11701	7.64228	6.90354
691.40625	12.27891	2.61827	4.07092	6.34557
695.31250	10.42760	0.47247	2.54075	4.39722
699.21875	11.50264	-5.67037	-0.15606	4.93698
703.12500	14.47066	-16.18658	0.24093	10.11234
707.03125	29.70126	-11.94409	4.28357	26.68179
710.93750	17.52005	0.46000	9.01167	23.34531
714.84375	2.29839	4.63888	9.19865	5.07924
718.75000	9.55440	4.45896	13.18181	5.57344
722.65625	25.05637	5.96671	11.74733	20.19466
726.56250	32.68056	6.48916	1.70909	27.26812
730.46875	20.35814	-0.44670	4.65707	19.97282
734.37500	28.07329	3.95766	6.59211	22.65516
738.28125	26.97142	6.07485	1.56820	18.10103
742.18750	20.01798	2.30919	3.12481	16.47404
746.09375	23.33670	5.61715	3.95181	20.72910
750.00000	19.18960	4.33395	2.69053	16.78979
753.90625	27.37381	5.68883	4.38677	18.47339
757.81250	31.14909	1.99904	0.05639	21.97826
761.71875	15.03045	-2.98988	-1.44743	18.66982
765.62500	8.46004	-0.46324	-3.89315	10.26376
769.53125	9.17854	0.29912	-6.55950	11.78897
773.43750	15.57020	1.37856	-0.24251	18.75342
777.34375	15.68113	-0.51325	3.40608	16.41105
781.25000	7.24195	-3.48980	2.86889	9.83749
785.15625	9.34435	0.32929	4.36899	14.78346
789.06250	15.69949	4.77628	5.11203	16.25623
792.96875	27.77239	4.73402	6.80270	16.67450
796.87500	29.77217	0.55615	8.79440	20.35298
800.78125	14.35819	1.61049	1.57108	17.35813
804.68750	10.21251	3.15270	-2.28290	16.93418
808.59375	13.34893	1.64890	5.06823	18.10292
812.50000	16.88732	2.06289	6.17769	23.94922
816.40625	18.27304	3.19721	0.90674	20.12403
820.31250	13.39742	7.47131	-1.71253	13.81821
824.21875	19.46377	4.37325	-2.89179	15.47804
828.12500	19.42527	5.42182	1.77166	10.87695
832.03125	15.59633	3.84834	2.71359	14.81554
835.93750	13.87857	-0.64350	-0.11397	16.95520
839.84375	4.75747	3.21036	-3.75720	10.48898
843.75000	5.20587	3.98343	-3.49754	11.99708
847.65625	14.55211	3.19941	2.87939	18.34174
851.56250	13.86262	1.63518	1.64504	15.89007
855.46875	16.24590	3.94856	2.10192	13.28881
859.37500	12.61804	7.76298	5.91413	10.18448
863.28125	4.45083	5.19908	6.38096	4.85032
867.18750	3.11922	0.62000	2.75297	10.26448
871.09375	4.86546	0.66718	1.76036	14.29958
875.00000	8.11119	5.29497	5.13226	13.58439
878.90625	6.36939	5.81660	5.14006	8.47026
882.81250	4.25147	3.98338	3.78064	6.50006
886.71875	4.41811	2.91779	0.58908	7.98328
890.62500	13.60672	1.75519	4.26594	14.09029
894.53125	18.14535	4.20890	0.10850	16.66163
898.43750	7.38896	5.02689	-4.46799	5.75180
902.34375	2.14242	8.79063	-1.22106	-3.22704
906.25000	8.32139	7.67043	1.62930	3.01637
910.15625	5.84902	2.88848	6.74231	8.82871
914.06250	15.38475	2.71236	3.14292	12.87956
917.96875	16.51284	0.55962	0.05538	13.72040
921.87500	1.70857	2.28820	0.24398	7.07277
925.78125	5.50356	-3.25946	0.63924	3.80201
929.68750	7.38207	-8.01784	5.96488	1.74736
933.59375	7.54496	-1.20166	4.15808	5.49122
937.50000	7.18569	-2.34467	2.99443	6.59926
941.40625	6.13885	-1.83010	8.98489	8.36590
945.31250	14.03497	-4.09020	11.32247	14.34354
949.21875	14.16969	-5.97970	8.37990	13.80370
953.12500	8.78495	-0.67537	6.77570	15.88100
957.03125	2.82249	0.74932	3.13759	10.19059
960.93750	4.12541	-1.55548	5.26089	3.85666
964.84375	2.42477	-4.90250	7.09013	6.40838
968.75000	2.01948	-2.27899	-0.92071	7.92871
972.65625	14.72349	-3.35791	-3.51385	6.60409
976.56250	15.96450	-3.45153	-2.33847	2.75395
980.46875	0.88852	1.49542	3.17679	1.18466
984.37500	-4.81116	-1.67439	11.31666	3.74029
988.28125	-5.72314	0.26342	9.49238	10.30898
992.18750	-7.23044	2.84596	3.90814	7.10079
996.09375	-4.90737	-0.03350	7.11210	4.45741
1000.00000	2.06100	-3.15687	9.58391	12.82895
1003.90625	5.96555	-2.06866	7.48646	15.57760
1007.81250	7.83216	0.03494	5.77463	8.04342
1011.71875	7.02846	-1.80053	7.68306	11.75481
1015.62500	5.54106	-1.07844	6.10116	16.13148
1019.53125	3.61464	-2.21838	5.54568	9.77101
1023.43750	3.67071	-2.06384	5.27431	5.22412
1027.34375	8.79869	3.47962	4.04502	1.11959
1031.25000	1.12147	5.67540	7.40446	4.46974
1035.15625	7.88436	9.53704	6.30908	7.17934
1039.06250	16.03544	4.71219	6.77652	5.30353
1042.96875	8.39571	1.15310	7.50518	3.67649
1046.87500	10.82910	4.14708	6.32123	4.02728
1050.78125	12.54422	5.53531	6.29360	6.61917
1054.68750	13.46725	7.64429	4.10542	9.86369
1058.59375	9.92869	7.56113	7.23229	9.09798
1062.50000	-0.86161	10.39533	8.94521	8.89268
1066.40625	-0.63483	11.70331	-4.31689	3.04744
1070.31250	10.68856	8.25972	-4.11335	-0.71995
1074.21875	10.26413	3.32382	4.32062	10.51403
1078.12500	13.12393	-4.14708	5.70289	28.41191
1082.03125	11.31258	1.48023	1.13638	19.63808
1085.93750	-4.29484	12.04052	-2.07818	-7.88616
1089.84375	-0.81397	16.67263	-4.47704	-11.89617
1093.75000	14.45269	17.93858	-6.34656	-2.92800
1097.65625	9.94235	15.92638	-4.66299	-6.04922
1101.56250	-1.45522	18.72370	-5.03842	-9.64153
1105.46875	-1.82294	17.24043	-7.50792	-6.63733
1109.37500	6.23794	15.46480	-9.70651	-7.56223
1113.28125	8.36195	12.81476	-3.32165	-8.27201
1117.18750	-1.18481	10.16515	2.32292	-9.65688
1121.09375	-2.93023	9.33617	-1.51776	-9.25973
1125.00000	4.30108	8.76171	0.35045	-0.48587
1128.90625	6.44655	9.87578	3.56806	3.41955
1132.81250	2.52123	8.10660	-0.30867	4.58394
1136.71875	4.37006	9.59903	-1.54740	3.50367
1140.62500	0.82327	9.97961	-0.38714	2.23189
1144.53125	2.73240	8.35555	1.75760	2.88406
1148.43750	7.44564	11.18769	-0.11085	-1.11451
1152.34375	7.05192	5.83591	1.47926	0.20865
1156.25000	8.52943	4.56226	1.04839	0.81520
1160.15625	1.73522	8.56205	-4.86851	-2.17657
1164.06250	-3.36747	6.74719	-4.08767	-1.79519
1167.96875	2.75806	6.50592	-0.19232	-5.45637
1171.87500	6.68418	6.00965	0.42700	-0.01745
1175.78125	6.91933	9.56619	3.66006	4.46224
1179.68750	3.42981	9.10997	4.38033	2.48765
1183.59375	8.50581	8.76412	-0.66073	6.80244
1187.50000	16.92448	6.30429	-1.91269	4.48568
1191.40625	8.30183	4.20148	-3.87191	0.30157
1195.31250	10.88277	6.48496	1.04521	8.42664
1199.21875	7.92847	5.17432	8.82493	12.59298
1203.12500	1.22623	9.56364	8.01361	7.69529
1207.03125	3.96588	9.77388	6.01264	5.32716
1210.93750	5.88724	9.28127	5.50303	1.99084
1214.84375	8.79753	15.06882	3.27276	2.66264
1218.75000	9.60655	12.46833	4.43566	8.79807
1222.65625	11.40874	9.94380	3.80745	5.69051
1226.56250	15.00363	8.44862	3.84287	7.12310
1230.46875	10.73992	7.55375	5.98529	5.87209
1234.37500	18.85805	7.92587	5.90592	4.52529
1238.28125	14.93541	7.62250	3.70303	7.62691
1242.18750	3.54949	11.10667	2.43960	12.84964
1246.09375	5.25634	7.56188	4.07286	10.25479
1250.00000	4.33253	5.46975	5.22954	1.07734
1253.90625	10.09892	12.05976	7.73211	2.76085
1257.81250	17.09731	14.81377	8.23729	9.89203
1261.71875	5.81364	12.64236	5.52509	13.43333
1265.62500	6.89854	13.15140	5.90025	5.43013
1269.53125	8.01968	15.52236	6.45772	4.13473
1273.43750	-1.30318	11.76370	5.92532	4.65220
1277.34375	8.07496	7.85418	1.51570	9.15959
1281.25000	8.50016	3.26294	2.99353	11.85347
1285.15625	3.75258	2.64674	9.32910	6.32334
1289.06250	10.51048	5.88197	9.66956	13.84013
1292.96875	13.71868	1.40437	8.54002	14.25848
1296.87500	10.88315	3.67044	6.09975	8.26680
1300.78125	5.54239	4.72172	10.96465	8.09255
1304.68750	0.99376	4.24626	16.37840	5.65393
1308.59375	1.71254	9.18640	6.80681	5.21096
1312.50000	3.23625	8.38854	1.87257	4.20758
1316.40625	5.83061	7.50523	5.86943	0.78545
1320.31250	4.58130	1.30023	8.89146	-2.29682
1324.21875	4.60358	1.82552	10.93583	1.78066
1328.12500	8.99721	8.51208	7.94396	4.43234
1332.03125	3.55647	7.74150	5.25983	1.52123
1335.93750	6.67379	7.67892	6.86485	-2.38298
1339.84375	5.20835	3.87410	3.62484	-3.61085
1343.75000	0.82150	6.25593	0.25849	-4.92310
1347.65625	0.09448	8.69243	-0.21403	-5.42809
1351.56250	0.61372	4.70773	1.77537	1.79076
1355.46875	6.22029	5.00352	6.26184	8.85997
1359.37500	0.98073	2.36817	8.46270	2.12943
1363.28125	-1.94834	1.81600	5.30345	1.22764
1367.18750	-1.66820	0.86039	-0.33888	1.40380
1371.09375	-6.36890	2.91933	-0.12234	1.00685
1375.00000	-4.33200	5.52956	0.83227	4.72405
1378.90625	0.77605	3.63071	-3.59192	-1.19575
1382.81250	-0.13307	2.60033	0.69002	-2.36002
1386.71875	0.03350	1.12896	9.58671	-1.68254
1390.62500	9.22205	3.18696	11.65208	-2.02229
1394.53125	14.96945	1.60851	13.13586	3.36972
1398.43750	-3.44260	0.00595	10.57438	-0.28724
1402.34375	-10.70373	2.55804	6.56897	-4.02781
1406.25000	-0.09254	3.04665	5.39039	0.60391
1410.15625	0.25549	2.69398	3.65386	-0.83641
1414.06250	-5.92308	0.90323	3.68123	-1.62055
1417.96875	-3.58630	4.38860	5.02622	1.23506
1421.87500	-1.46770	7.72597	4.81209	-0.57736
1425.78125	8.77409	7.81634	3.19303	-4.65401
1429.68750	9.04092	4.26385	1.66917	-2.67917
1433.59375	7.18915	-0.60796	4.69795	-1.35268
1437.50000	0.38291	-1.35110	3.53462	-1.05042
1441.40625	-9.93141	0.36925	3.88437	-0.08958
1445.31250	-4.45304	0.92665	5.41649	0.24713
1449.21875	-5.52735	-2.17456	4.08600	0.91617
1453.12500	-1.24192	-2.11140	5.70547	0.57590
1457.03125	8.91290	2.93670	1.66478	2.13832
1460.93750	-5.09557	1.83779	-3.46439	-0.56909
1464.84375	-10.42267	0.50253	1.18579	0.77392
1468.75000	1.25983	0.70552	5.26318	1.48853
1472.65625	-0.13878	-1.58505	1.46153	-4.26824
1476.56250	11.17548	-5.71093	-1.39203	15.25169
1480.46875	29.94551	-6.00488	2.10890	35.44073
1484.37500	-2.75059	-2.73063	4.20523	-1.89356
1488.28125	-41.53808	-6.83971	3.59011	-41.25883
1492.18750	-51.90991	-11.51285	4.85600	-48.09332
1496.09375	-60.06316	-11.57467	4.43394	-59.19817
1500.00000	-78.07649	-14.70098	-3.97306	-83.46388
1503.90625	-88.27457	-15.63026	-9.69668	-87.16207
1507.81250	-88.82569	-19.17058	0.27669	-92.27860
1511.71875	-96.47920	-16.57659	2.18543	-103.47558
1515.62500	-97.16080	-11.02216	-9.87234	-97.48711
1519.53125	-104.72826	-20.22352	-1.96590	-102.63866
1523.43750	-105.07523	-24.50403	9.85094	-97.51518
1527.34375	-87.85947	-15.74003	8.62209	-87.92000
1531.25000	-66.52579	-16.36759	13.99658	-72.88479
1535.15625	-53.71903	-14.92625	12.90141	-60.10184
1539.06250	-58.46179	-5.65131	7.72814	-52.71009
1542.96875	-58.44600	-6.39265	10.47180	-44.66670
1546.87500	-41.50724	-9.04247	11.70576	-36.66023
1550.78125	-36.97168	-6.85122	9.26081	-34.87410
1554.68750	-26.78135	-3.93919	6.67007	-27.60020
1558.59375	-21.45560	-4.83095	2.54452	-21.11304
1562.50000	-24.99329	-6.83464	1.84028	-22.12405
1566.40625	-13.08158	-6.33529	-0.13940	-19.91051
1570.31250	-18.27846	-4.94652	0.46742	-18.84277
1574.21875	-19.91186	-10.28813	7.69292	-12.84676
1578.12500	-13.82863	-11.31483	-3.41529	-8.64847
1582.03125	-12.01357	-12.54000	-7.57851	-14.19873
1585.93750	-9.48925	-9.23519	5.32453	-15.93532
1589.84375	-10.44070	0.22938	7.35818	-11.48373
1593.75000	-4.84435	-0.11908	-0.15199	-10.17119
1597.65625	0.71851	1.49244	-0.88570	-12.88937
1601.56250	-5.44103	-0.54803	2.76845	-14.86982
1605.46875	-5.40596	-2.03402	0.29926	-13.47720
1609.37500	-0.97158	-0.18591	-3.10774	-12.38740
1613.28125	2.76406	-0.82390	-1.15477	-9.06787
1617.18750	2.48473	0.15016	3.68425	-7.22914
1621.09375	-13.36331	-1.08448	3.06729	-2.80262
1625.00000	-7.74385	-0.04990	-3.92873	-0.87850
1628.90625	1.65423	4.68791	-3.12836	0.20640
1632.81250	-0.65931	7.75125	4.27732	0.16204
1636.71875	-0.01928	2.39118	5.85940	0.69363
1640.62500	1.26903	-2.87197	8.63169	5.86880
1644.53125	0.35749	5.57461	11.58262	10.14745
1648.43750	-4.59965	5.58361	3.26759	5.74607
1652.34375	-4.59052	2.64679	5.66393	4.24874
1656.25000	4.94545	9.02613	11.27736	0.82607
1660.15625	11.44790	9.79977	7.77834	-0.55383
1664.06250	5.53924	14.83196	7.75360	8.28916
1667.96875	0.78555	15.39383	3.59071	7.04554
1671.87500	3.50278	16.50664	-3.04245	-0.40918
1675.78125	0.91734	15.62833	5.83201	2.05595
1679.68750	-1.36341	9.93126	10.98491	5.72241
1683.59375	1.29500	11.59745	6.34712	-3.66233
1687.50000	4.47549	9.53783	7.91599	-3.96434
1691.40625	-0.52085	5.01471	3.94245	0.71608
1695.31250	6.08927	6.08673	1.20417	3.60307
1699.21875	7.97000	13.23486	3.34318	1.72540
1703.12500	2.47642	18.02444	2.12920	-0.75471
1707.03125	15.28920	17.42609	6.17248	4.12984
1710.93750	21.64253	18.54247	8.08084	7.24031
1714.84375	8.43531	15.06000	3.43336	5.89736
1718.75000	1.99130	15.27725	5.40259	-0.86109
1722.65625	-1.04182	15.97348	4.37167	-0.34233
1726.56250	-7.11756	14.87856	5.61620	1.89591
1730.46875	-4.12915	16.80147	9.77360	5.47967
1734.37500	6.80900	16.76796	7.67999	5.34142
1738.28125	1.27437	18.87949	4.26847	1.59298
1742.18750	1.17019	16.31700	3.00521	1.17447
1746.09375	7.71178	12.36660	2.62411	3.81751
1750.00000	0.74361	15.91290	3.78107	6.72770
1753.90625	8.52432	20.48564	3.06041	1.56125
1757.81250	9.88149	18.40191	-4.08987	-0.17225
1761.71875	-2.61128	15.42203	-0.75782	0.14531
1765.62500	-1.52659	17.13731	1.22934	-3.42582
1769.53125	-2.42049	9.43249	-4.65976	-1.90091
1773.43750	2.35892	6.47715	-2.37140	0.22803
1777.34375	11.33378	12.63837	0.06904	4.73515
1781.25000	2.08818	10.86520	-6.51146	3.39947
1785.15625	-1.45102	9.44069	-8.23415	-4.54850
1789.06250	2.48612	11.46460	-2.25228	-1.06127
1792.96875	1.66481	15.44612	-1.36683	1.37154
1796.87500	-6.81204	15.29211	1.02838	0.21479
1800.78125	-11.75013	13.92329	0.65552	-0.36258
1804.68750	-5.41983	17.87761	4.45787	-3.20420
1808.59375	2.95440	14.75660	10.60080	-2.84138
1812.50000	-1.16309	14.35923	7.27864	0.58740
1816.40625	-3.40392	15.48800	1.20247	7.23859
1820.31250	3.40535	10.89222	-3.02796	2.54465
1824.21875	-0.60170	11.01216	-4.20674	7.02508
1828.12500	0.16555	6.41416	-7.60123	11.69152
1832.03125	8.82744	6.04400	-2.62937	6.36299
1835.93750	3.88615	11.21695	-1.02404	8.09988
1839.84375	0.40616	11.03598	-4.66673	6.87207
1843.75000	11.33072	9.38596	1.23455	6.76873
1847.65625	9.39500	15.44627	1.56807	5.05511
1851.56250	0.64694	16.69698	0.33424	8.24481
1855.46875	3.43314	9.73740	1.59745	11.28488
1859.37500	2.62593	10.32291	1.38101	6.56908
1863.28125	5.33791	9.36517	0.63959	-1.18232
1867.18750	10.05038	13.24211	-0.97317	-0.60300
1871.09375	0.51453	15.29842	-0.35335	2.62665
1875.00000	8.19251	11.05627	1.81031	6.74694
1878.90625	9.67430	9.15473	-0.19596	0.42441
1882.81250	-2.91968	5.70419	-4.37529	-5.57475
1886.71875	1.67921	3.42433	-1.92521	0.74402
1890.62500	1.19756	7.89727	2.55808	6.44842
1894.53125	6.13917	9.94266	0.81877	7.81139
1898.43750	11.50002	8.74055	-2.14542	-2.29231
1902.34375	4.23892	2.82850	3.92269	-2.00332
1906.25000	3.16523	4.12047	4.75900	4.64332
1910.15625	-0.91880	13.03271	5.03749	8.44132
1914.06250	-3.87375	8.01604	3.85636	3.62809
1917.96875	-4.35732	1.42575	3.18702	-3.58935
1921.87500	-4.25324	0.32845	2.97324	-2.17806
1925.78125	1.55642	8.07207	1.75742	1.40129
1929.68750	4.24086	10.15812	1.44268	-1.05593
1933.59375	13.67123	5.68683	-0.76635	-4.56445
1937.50000	14.52083	4.13538	5.32342	0.57327
1941.40625	-4.65781	5.45032	5.67360	2.34025
1945.31250	-8.04374	10.84049	-5.28472	-0.54629
1949.21875	-1.86516	6.52800	-4.19723	-1.48874
1953.12500	-2.41472	8.60346	-0.56264	-1.82871
1957.03125	0.08446	5.99345	-0.57357	-3.89240
1960.93750	7.43135	4.89206	1.55054	-0.55566
1964.84375	2.10430	9.19537	0.15715	3.20515
1968.75000	-4.74796	5.36663	-0.19722	-1.31811
1972.65625	7.15009	7.90869	-6.81893	-1.03066
1976.56250	12.82338	2.16873	-7.25457	0.76057
1980.46875	0.56798	-1.35120	-1.33561	-3.22599
1984.37500	0.10636	5.14408	-4.47693	0.53882
1988.28125	-2.82015	3.45028	-2.67407	3.07856
1992.18750	-10.37136	1.59524	-2.21357	0.67654
1996.09375	-2.81018	1.53106	-5.05273	3.27155
2000.00000	-0.27401	4.44632	-2.58030	-0.44453
2003.90625	-1.20470	6.73805	3.78445	-1.32207
2007.81250	4.69111	4.00116	6.10263	-3.21502
2011.71875	3.48450	2.56339	2.37069	-2.72686
2015.62500	8.84690	4.89193	0.78951	5.27644
2019.53125	13.77024	9.38782	-4.60039	7.37783
2023.43750	13.82621	7.92549	-2.85637	6.86045
2027.34375	9.28384	4.59927	-2.07031	5.97960
2031.25000	4.42708	-0.46287	-4.75410	2.48015
2035.15625	9.98109	0.57309	-3.43133	-1.25691
2039.06250	1.20901	3.80165	-6.58964	-9.17641
2042.96875	-5.22211	3.46089	-2.63684	-3.95340
2046.87500	3.25503	6.44972	2.62676	3.65038
2050.78125	8.99934	1.38589	3.00267	-1.41317
2054.68750	1.05778	-0.94248	1.62097	-3.00366
2058.59375	-2.48084	1.38679	-0.08670	-3.36617
2062.50000	2.04011	-0.21625	2.43271	4.89030
2066.40625	0.25215	-0.52510	-0.35252	7.90979
2070.31250	-0.51243	-4.77962	-2.16290	-1.49843
2074.21875	6.71873	-1.66203	5.86871	1.27420
2078.12500	9.57852	2.94999	8.86334	5.87555
2082.03125	6.15544	2.93122	1.07397	1.53423
2085.93750	9.88863	5.42787	0.27760	0.20062
2089.84375	4.90786	2.80216	3.52033	-1.79451
2093.75000	4.46017	3.66017	1.65146	1.12984
2097.65625	9.21716	8.89582	2.12684	5.26153
2101.56250	8.69866	10.47942	3.36373	5.29592
2105.46875	8.73386	8.18534	2.90948	3.06228
2109.37500	7.12428	6.00190	6.75544	4.95810
2113.28125	8.84536	8.58500	6.29117	6.66610
2117.18750	4.53670	9.95984	3.47477	5.28150
2121.09375	6.01473	11.14054	1.64934	10.11108
2125.00000	12.44010	9.35242	-2.52589	3.97666
2128.90625	4.91512	6.43231	1.09528	-0.17639
2132.81250	-1.42784	7.47874	4.87480	5.42047
2136.71875	2.83853	3.72813	5.24836	3.53458
2140.62500	0.50049	1.28332	7.21513	7.09812
2144.53125	-4.84328	-2.76320	3.31661	5.33287
2148.43750	-9.80044	-1.54768	1.85176	-7.52991
2152.34375	-4.15029	7.19819	1.02490	-2.17720
2156.25000	12.63855	7.93430	-1.01701	1.65294
2160.15625	-0.19969	3.46763	-4.11284	-0.53270
2164.06250	-11.74935	-3.18736	-6.15199	5.48981
2167.96875	-4.81803	-2.62761	-2.25602	3.44046
2171.87500	-5.32427	3.72107	-0.42739	-1.19362
2175.78125	-2.26877	4.45226	-2.43186	-4.36946
2179.68750	-0.92314	1.97654	-2.91977	-5.13510
2183.59375	-1.08529	2.02876	0.50124	4.41799
2187.50000	0.88641	5.60799	2.07039	2.50434
2191.40625	-2.49810	4.70910	1.32054	-1.67960
2195.31250	-3.14069	5.77905	2.20895	6.44569
2199.21875	3.57533	8.89578	2.73650	2.95657
2203.12500	2.51395	6.83338	3.13450	-1.13504
2207.03125	-2.40217	10.26219	-1.68642	0.92928
2210.93750	-0.88391	13.39109	-4.61302	-3.61568
2214.84375	0.41439	13.12990	-2.41043	-1.33199
2218.75000	-1.59717	12.53929	-1.64977	0.37136
2222.65625	-1.40672	11.62166	-0.26284	-4.34772
2226.56250	0.97919	11.33044	2.99653	-4.92964
2230.46875	5.57962	5.19264	2.72195	-7.38949
2234.37500	8.45948	3.14241	-4.20657	-9.54198
2238.28125	-2.71581	4.44599	-2.78269	-4.42549
2242.18750	-1.20774	4.70196	1.99823	-2.02285
2246.09375	3.72266	7.59934	1.21436	-5.82603
2250.00000	-0.42461	7.51715	0.35689	0.30821
2253.90625	-0.70211	7.25264	-0.36353	4.81258
2257.81250	0.25254	1.54052	1.35093	3.88554
2261.71875	3.87737	-2.24730	0.25099	5.41258
2265.62500	5.36540	-3.35455	-0.98497	5.46845
2269.53125	3.66609	-2.19696	0.78187	4.17354
2273.43750	6.83414	0.48669	-1.76462	1.87090
2277.34375	8.15377	0.60186	1.07899	-0.06817
2281.25000	2.53501	-0.36759	2.55743	-4.22383
2285.15625	0.60789	1.42918	0.83498	-0.48623
2289.06250	5.35120	5.46568	-0.03280	0.98689
2292.96875	7.35070	3.80407	3.67345	1.00251
2296.87500	6.52974	-2.79889	5.26306	3.87548
2300.78125	3.20364	-1.75213	-1.55637	1.68683
2304.68750	6.31068	3.40890	-1.38014	5.29245
2308.59375	10.65577	2.70343	-2.08671	0.82033
2312.50000	16.20870	2.30398	-2.99111	-2.60048
2316.40625	15.17680	5.84834	-3.82894	0.42454
2320.31250	8.68946	8.50334	-4.83561	-5.47803
2324.21875	1.45893	-0.64618	-3.99947	-3.01210
2328.12500	-1.40024	0.79788	1.06785	8.10135
2332.03125	2.02346	3.24624	7.24873	5.99630
2335.93750	1.11147	1.16458	3.21336	-5.56338
2339.84375	3.27241	7.42862	-2.84659	-5.98522
2343.75000	7.75004	4.16500	-1.37733	-1.65628
2347.65625	-4.25909	0.55312	-1.84938	0.65940
2351.56250	-7.76923	-3.43613	1.34931	6.26671
2355.46875	0.65786	-3.95069	7.85089	7.69502
2359.37500	-2.16413	-3.76994	5.62004	6.60563
2363.28125	-2.27280	-4.32659	-1.16505	6.50992
2367.18750	-3.60456	-0.85428	-6.00095	1.85111
2371.09375	-6.69362	-5.24664	-3.36622	1.45436
2375.00000	-3.85090	-1.02910	-3.21698	1.94828
2378.90625	0.45123	5.52923	-8.04351	0.86377
2382.81250	4.78014	1.27103	-8.19331	-1.10621
2386.71875	9.78183	0.19821	-3.72836	-1.23442
2390.62500	2.45013	-0.97164	-0.05069	1.64946
2394.53125	5.37694	3.08651	-0.98394	3.41522
2398.43750	7.11131	1.47972	5.31955	4.99648
2402.34375	-4.98506	-0.00181	4.13522	2.86791
2406.25000	-0.82082	5.31766	-1.87800	4.27648
2410.15625	5.57113	6.16958	-0.39054	2.43340
2414.06250	2.21298	8.40390	-3.18316	0.03778
2417.96875	0.11745	7.85569	-9.09038	3.29650
2421.87500	1.02725	10.78595	-6.88635	4.70774
2425.78125	0.38983	10.46917	-2.05803	2.64595
2429.68750	-3.37277	6.50952	0.44794	0.99460
2433.59375	0.81934	12.51267	-0.95496	3.93293
2437.50000	7.71275	10.15369	-2.52066	7.45883
2441.40625	6.26283	6.63179	-2.57322	3.18178
2445.31250	5.69725	1.94693	-2.65233	-2.92825
2449.21875	4.62285	1.66204	-3.17642	-1.05025
2453.12500	4.87893	7.36211	-5.18272	3.84777
2457.03125	4.15453	5.55620	-1.97015	7.02211
2460.93750	2.23396	6.06489	1.76580	1.49433
2464.84375	14.23286	7.14301	0.37248	-3.20633
2468.75000	8.18649	6.93896	-3.20523	-1.28279
2472.65625	-4.49419	9.07650	-5.39460	-0.59245
2476.56250	0.37316	10.18472	-4.62123	0.79585
2480.46875	-0.60029	9.88661	4.11832	2.04741
2484.37500	6.59363	7.51569	10.24450	-1.03759
2488.28125	4.47280	10.25244	1.97416	-2.93017
2492.18750	-7.51083	12.82796	-3.60921	-0.09411
2496.09375	-10.42595	7.92696	-0.80723	3.30678
2500.00000	-14.73962	4.79657	-2.36397	-4.43856
2503.90625	-9.62643	7.89251	-6.47523	-8.13655
2507.81250	-6.95416	8.78042	-6.17150	0.44668
2511.71875	-8.56382	4.52053	-3.05342	-0.67682
2515.62500	-5.61908	10.47385	-5.03741	-5.97019
2519.53125	0.11010	10.53587	-3.98026	-5.07750
2523.43750	3.79239	9.87775	-3.44489	0.44918
2527.34375	2.47331	21.45828	-4.27030	5.20938
2531.25000	-0.36879	21.63260	-3.73055	6.94801
2535.15625	-0.05284	19.44353	-1.19873	4.01683
2539.06250	3.66591	17.02944	6.52240	2.14141
2542.96875	6.50222	20.31337	8.46070	3.33508
2546.87500	8.12953	23.70349	4.85995	0.86561
2550.78125	1.38301	19.84683	1.20679	-0.57151
2554.68750	3.51466	18.72563	0.63116	1.06163
2558.59375	6.82586	11.78596	2.95297	-2.12141
2562.50000	-7.59094	11.38999	3.05495	-6.35568
2566.40625	-7.36423	15.51173	0.67277	-6.55963
2570.31250	-8.53182	16.89657	2.08595	-9.92387
2574.21875	-11.77695	18.80381	2.46210	-7.95698
2578.12500	4.37951	13.74382	0.62181	-2.14673
2582.03125	7.00038	14.52924	-1.92920	-0.04110
2585.93750	-0.95151	15.41253	-4.73996	0.64006
2589.84375	-2.70889	14.39690	-3.10875	5.49480
2593.75000	0.06684	11.62685	-1.75406	8.01627
2597.65625	-4.04060	7.99633	2.34779	6.90999
2601.56250	-3.75332	9.17543	6.00244	6.54138
2605.46875	4.34040	6.87972	4.33956	3.50193
2609.37500	1.92494	10.33571	-1.08169	2.17442
2613.28125	-1.18922	7.27624	0.87172	1.06202
2617.18750	2.96361	5.02308	2.48775	3.30379
2621.09375	4.44160	15.46963	-0.14336	0.07488
2625.00000	6.43474	18.91795	1.32262	-1.62712
2628.90625	13.81821	13.98157	0.10876	-3.76546
2632.81250	15.53388	6.16193	-2.15555	-4.21247
2636.71875	0.05669	7.24488	-2.18470	-2.06896
2640.62500	-7.11654	10.84237	-1.42653	-2.53469
2644.53125	-1.58117	5.18245	-1.29565	-2.68808
2648.43750	-2.91199	2.36702	2.47766	3.38695
2652.34375	-2.90284	3.85858	6.08330	5.51622
2656.25000	-5.05178	3.38429	1.22102	1.28784
2660.15625	-8.62258	3.34827	-4.29222	0.71403
2664.06250	-5.66682	0.72100	-5.12235	-0.11312
2667.96875	-5.58543	-0.73548	-4.04670	1.86691
2671.87500	-1.65939	-4.46175	-1.41204	5.29145
2675.78125	5.02262	0.29705	-0.19282	0.50405
2679.68750	1.53303	7.49001	-1.48630	-5.49959
2683.59375	5.40020	3.51137	2.33791	-4.00502
2687.50000	15.43050	1.85095	6.32490	-1.08343
2691.40625	3.18140	6.99444	1.94884	-1.23793
2695.31250	4.15058	9.27150	2.43452	-1.17121
2699.21875	4.41968	4.73102	4.97691	-1.83975
2703.12500	-1.87979	7.90511	1.74871	-1.90189
2707.03125	6.90374	6.90019	0.55444	3.38600
2710.93750	-2.45715	3.98358	1.65735	4.07926
2714.84375	-9.62030	9.76490	1.44258	3.54260
2718.75000	-3.17034	8.76983	-2.22877	-0.79792
2722.65625	3.46697	6.64193	-6.07967	-1.08469
2726.56250	4.24119	3.52869	-2.82005	4.78051
2730.46875	-1.23156	4.64223	4.96424	5.54427
2734.37500	3.25999	9.44026	4.07989	1.78011
2738.28125	3.36672	8.72779	0.66892	0.44987
2742.18750	5.27766	5.75888	0.61496	4.86721
2746.09375	10.61093	3.01373	2.24894	5.89922
2750.00000	9.28417	4.54183	7.03273	3.97485
2753.90625	11.42426	7.09637	1.47732	2.43533
2757.81250	3.91739	2.99450	-6.47832	-4.93854
2761.71875	4.31878	1.62286	-5.96639	-5.82900
2765.62500	7.01560	4.14047	-2.76987	0.67385
2769.53125	6.12225	6.10251	-2.61444	-1.82977
2773.43750	13.72265	3.54658	-4.75776	-0.90885
2777.34375	-1.07496	5.27211	-3.52561	2.39025
2781.25000	-9.11134	9.13642	2.38525	3.47279
2785.15625	-0.56219	9.72304	2.67768	8.41928
2789.06250	2.56937	8.11712	-3.42791	4.25142
2792.96875	1.34539	8.87174	-4.55655	0.64076
2796.87500	4.95669	5.08786	-0.14621	3.91681
2800.78125	2.83926	-1.92538	-0.92153	0.11655
2804.68750	-2.91813	2.02550	3.28433	1.70758
2808.59375	3.03869	9.78016	10.23366	6.50305
2812.50000	8.18870	6.15598	-1.14663	3.48532
2816.40625	3.53028	2.44623	-6.81945	2.07823
2820.31250	5.50437	1.87639	-2.18490	4.63732
2824.21875	20.03209	0.78405	-5.78075	7.10336
2828.12500	12.33780	1.82376	-5.95134	10.56118
2832.03125	-5.99678	1.85314	-2.59077	5.63571
2835.93750	-0.05900	4.20223	-0.17912	0.92593
2839.84375	10.96646	6.43553	-3.01540	9.36861
2843.75000	22.69676	8.00563	-6.38110	18.12979
2847.65625	9.07593	1.57182	-3.62950	3.52251
2851.56250	-13.77485	-4.43342	1.98705	-4.16686
2855.46875	-12.60049	-1.72586	6.87715	3.70842
2859.37500	-11.79626	-3.56120	5.85526	-1.41018
2863.28125	-2.63759	-3.71628	4.71147	1.71763
2867.18750	-6.78981	0.96337	5.51672	-2.94097
2871.09375	-15.92288	-1.41568	5.33110	-14.61973
2875.00000	-11.06559	-7.67574	1.45131	-11.30521
2878.90625	-12.40443	-8.37158	-4.58379	-6.74854
2882.81250	-7.67262	-4.16961	-3.52462	-6.30080
2886.71875	-4.68557	-3.63210	2.14934	-2.80252
2890.62500	-7.18216	4.06114	1.79788	0.48434
2894.53125	-3.85249	4.89457	-0.74689	-1.37613
2898.43750	-1.31235	1.67461	1.52752	-3.01825
2902.34375	-0.51500	7.44438	-1.26838	-3.93803
2906.25000	0.02286	4.30094	-6.87847	-3.73828
2910.15625	-8.49361	2.73376	-11.83770	0.05977
2914.06250	0.23612	0.93733	-10.19787	1.69349
2917.96875	5.39330	0.38777	-5.22575	-1.49463
2921.87500	-1.75549	6.94294	-4.63323	2.33425
2925.78125	-1.58702	7.02767	2.61293	5.51064
2929.68750	-7.76711	6.29004	-0.11904	-0.57295
2933.59375	0.45427	1.81551	-5.14819	-1.66382
2937.50000	2.10952	3.48429	-1.87861	-2.97297
2941.40625	-5.38437	7.21364	-0.72222	-2.01186
2945.31250	-1.11480	7.36245	-0.39825	0.74262
2949.21875	1.03427	5.06149	-3.74270	3.82946
2953.12500	1.69334	2.70155	-3.73417	5.50416
2957.03125	8.62465	7.74409	-0.52141	6.26097
2960.93750	6.70401	3.41618	2.40883	5.97144
2964.84375	4.60045	2.07536	1.82160	0.86790
2968.75000	5.80686	2.27283	-2.96477	-1.23779
2972.65625	5.21402	1.58843	-2.73637	4.28783
2976.56250	4.84333	4.30691	-1.96281	3.66161
2980.46875	-7.00927	1.99278	-0.87877	-1.93650
2984.37500	-7.47100	4.85851	-2.81105	-0.58916
2988.28125	-3.54792	7.59391	-7.05180	1.14486
2992.18750	-1.02597	10.57099	-4.97934	-0.04827
2996.09375	11.77317	16.14474	-1.77431	1.74099
