 	TP9	AF7	AF8	TP10	
-1000.00000	-4.93264	0.19814	-3.32046	-2.88947
-996.09375	-3.54243	3.82541	-7.34766	-3.27080
-992.18750	-3.88465	3.02043	-6.53980	-1.67491
-988.28125	0.93139	3.02131	-2.10561	2.45411
-984.37500	6.23456	-1.81300	-8.14756	1.86327
-980.46875	3.22133	-6.64727	-10.96591	-1.71734
-976.56250	3.97106	-8.25810	-2.09926	-3.24124
-972.65625	5.85913	-5.83976	1.52931	0.80210
-968.75000	5.54868	-3.01837	3.94901	1.25863
-964.84375	6.41070	-3.82336	6.36876	1.00992
-960.93750	9.72687	-0.19604	5.16214	5.49304
-957.03125	13.49832	-3.82155	6.77604	13.30092
-953.12500	13.62492	-11.07343	3.95766	15.36792
-949.21875	10.59469	-2.61103	-1.27842	13.36843
-945.31250	9.38824	4.64252	-21.01996	9.83199
-941.40625	9.74694	-6.23576	-19.00321	5.04296
-937.50000	7.70757	-8.65245	0.74252	3.64451
-933.59375	2.89019	5.04821	-0.06118	4.54850
-929.68750	-4.87848	9.07849	-0.86488	5.33934
-925.78125	-4.16773	6.66184	7.19583	3.34846
-921.87500	-5.18004	1.42469	5.98911	3.78307
-917.96875	-11.79481	0.21688	-2.87320	2.44108
-914.06250	-7.81334	0.62071	-5.69160	-1.84044
-910.15625	-7.42449	-3.00471	7.60718	-3.08536
-906.25000	-9.67338	-1.79505	11.23565	-5.14293
-902.34375	-6.44618	-0.58539	2.37329	-3.52334
-898.43750	-7.94508	-0.98742	1.56951	-5.21762
-894.53125	-6.40225	4.25166	2.37744	-8.23231
-890.62500	-3.08484	2.64091	3.99126	-9.08576
-886.71875	-9.13765	-1.38748	-0.43886	-14.43251
-882.81250	-16.61424	-1.38654	-4.86903	-18.48672
-878.90625	-28.69665	-2.19139	-3.25531	-19.73453
-875.00000	-35.59145	-2.59339	-3.65611	-21.88128
-871.09375	-36.98587	1.03382	-2.84815	-26.76578
-867.18750	-45.66871	5.06391	-4.86064	-34.59338
-863.28125	-50.59134	1.43838	-5.26148	-35.86797
-859.37500	-55.11668	0.63332	-1.23011	-41.10906
-855.46875	-64.36053	-2.58929	-4.04851	-50.84641
-851.56250	-71.25129	-0.57365	-1.62881	-60.96104
-847.65625	-77.75911	12.72401	8.84951	-72.87758
-843.75000	-86.21350	9.50156	3.61345	-81.85601
-839.84375	-98.49122	-3.79427	-6.45791	-91.90517
-835.93750	-100.37069	-10.64313	-10.08224	-97.54671
-832.03125	-100.64268	-3.79242	-4.03620	-110.06126
-828.12500	-105.40327	3.46112	4.02449	-118.80908
-824.21875	-105.34521	-3.79083	-1.21158	-120.99223
-820.31250	-112.08317	3.05991	-10.47693	-130.21761
-816.40625	-115.82497	8.70181	-4.43087	-130.95752
-812.50000	-116.69900	-2.57930	4.43576	-128.53676
-808.59375	-114.09045	10.71836	-1.20321	-125.24519
-804.68750	-114.42936	13.13699	-14.49789	-121.44392
-800.78125	-114.02714	-0.96449	-17.71938	-118.57318
-796.87500	-105.49152	3.06579	0.41458	-114.00987
-792.96875	-101.29019	9.51358	4.44602	-110.34485
-789.06250	-100.18980	3.06750	-1.59585	-103.06503
-785.15625	-90.09161	-5.39323	1.22674	-92.47719
-781.25000	-79.34314	-1.36306	2.84047	-81.54928
-777.34375	-70.18171	5.89057	4.05119	-72.49149
-773.43750	-65.70049	13.14424	5.66493	-65.55958
-769.53125	-64.90582	13.14523	-4.40626	-59.52158
-765.62500	-51.26443	11.13156	-16.08905	-48.59657
-761.71875	-35.83400	9.11782	-10.04295	-33.65061
-757.81250	-22.79484	7.50702	3.25586	-20.50534
-753.90625	-13.55866	3.07564	5.27253	-9.89667
-750.00000	-5.01081	-4.98210	5.67751	-1.06222
-746.09375	8.10215	-8.60766	8.90306	11.40786
-742.18750	16.50066	-12.63607	2.05528	18.67740
-738.28125	24.97905	-5.78541	8.10115	23.81669
-734.37500	29.34397	-0.14353	16.56468	30.85527
-730.46875	27.92268	11.13946	7.29941	38.86900
-726.56250	29.58839	7.51411	2.06341	43.61722
-722.65625	32.53332	-7.39342	-1.56087	44.00710
-718.75000	36.87093	-0.54275	-3.97635	47.17790
-714.84375	44.87127	6.30798	1.26394	52.26275
-710.93750	45.98523	-4.57024	3.68365	55.03332
-707.03125	44.62927	-22.29828	3.68573	55.28490
-703.12500	49.33571	-21.89446	6.10538	56.44226
-699.21875	49.94627	-0.13526	4.89862	51.99578
-695.31250	45.91256	4.70084	3.69187	52.71254
-691.40625	43.13425	2.68710	5.30552	55.48781
-687.50000	43.55999	7.52325	2.48706	53.66376
-683.59375	45.95787	7.92710	-3.95782	56.38693
-679.68750	44.45726	4.30167	5.71451	55.59703
-675.78125	48.57975	4.70550	7.32825	57.18589
-671.87500	50.39600	4.70654	-13.62204	59.97569
-667.96875	45.32393	-5.76864	-6.36719	55.27470
-664.06250	42.54934	-3.35006	10.55792	47.06637
-660.15625	37.32328	1.08319	10.15697	39.85067
-656.25000	35.54088	-1.73637	4.92088	42.71503
-652.34375	36.74398	2.29389	5.72882	47.14041
-648.43750	37.43516	-0.92861	10.96898	47.22405
-644.53125	37.09927	-8.98628	6.94170	49.03096
-640.62500	34.18277	-6.56780	-3.12949	50.69125
-636.71875	28.95165	0.68581	-9.97731	47.17454
-632.81250	22.72673	1.89556	-7.15488	47.20044
-628.90625	22.31629	0.68778	-13.19683	48.85207
-625.00000	21.55337	-6.56396	-8.76252	40.12067
-621.09375	20.52826	-4.54837	6.55084	36.94759
-617.18750	17.52416	4.31711	8.97040	35.50890
-613.28125	17.60960	4.72102	4.94295	33.15816
-609.37500	18.50651	6.33376	4.54204	35.98277
-605.46875	13.64577	8.34945	4.54402	35.24494
-601.56250	11.26695	5.12698	3.74006	35.28732
-597.65625	10.92288	3.91909	-3.91377	35.11701
-593.75000	8.09302	0.69659	-10.35877	29.59101
-589.84375	6.26603	-3.73478	0.52233	24.32989
-585.93750	6.53156	-6.15146	-5.92254	25.54020
-582.03125	3.98079	-13.80622	-15.18790	28.38543
-578.12500	0.68055	-20.65502	3.75188	23.83750
-574.21875	1.02313	-0.91044	10.20069	21.18655
-570.31250	4.13245	19.23698	9.39681	23.16018
-566.40625	2.63385	8.76169	6.17532	19.06586
-562.50000	-0.92677	3.12164	4.16257	19.86950
-558.59375	-1.12021	4.33142	10.20840	18.99630
-554.68750	2.84261	0.30304	2.95753	13.98715
-550.78125	-1.59137	0.70685	6.18284	13.13189
-546.87500	-5.29422	3.12549	12.22869	11.38997
-542.96875	3.79880	5.94703	-1.06603	12.96395
-539.06250	9.94872	3.12749	-11.13729	18.57885
-535.15625	12.33895	2.32254	-1.46498	19.67696
-531.25000	16.89936	-1.70589	10.22195	16.40571
-527.34375	18.21165	-8.55474	4.98581	15.00455
-523.43750	15.74257	-1.30103	-2.26495	17.74396
-519.53125	17.76602	-0.09130	-4.68051	18.55675
-515.62500	21.85118	2.32722	-4.67862	18.91476
-511.71875	18.90923	11.59554	-5.07967	12.02835
-507.81250	13.12044	5.95541	-1.45132	7.74854
-503.90625	8.71710	-2.10226	4.59454	8.42288
-500.00000	11.04606	1.92796	-2.65625	12.88621
-496.09375	13.64493	7.56994	-5.07189	12.90793
-492.18750	10.88494	3.54153	5.80916	10.87743
-488.28125	8.44805	-6.53074	11.85495	10.97719
-484.37500	3.67783	-9.35019	1.38065	5.55125
-480.46875	-6.99112	-10.96088	-5.87007	5.19422
-476.56250	-11.47964	-11.36284	0.98173	4.87924
-472.65625	-3.54762	-0.48288	6.62471	6.10223
-468.75000	7.82692	7.17370	5.41779	8.57359
-464.84375	13.92702	8.78621	0.58453	10.33970
-460.93750	11.60220	4.35489	-3.44288	17.64351
-457.03125	7.71810	-2.09096	-2.63513	23.03411
-453.12500	7.03903	-0.47824	-3.84198	27.51898
-449.21875	5.21783	1.94025	-2.63119	28.74332
-445.31250	-2.03238	-9.34089	3.41474	20.77514
-441.40625	-10.94085	-4.90771	1.40203	13.16604
-437.50000	-16.20350	-0.07165	-6.25171	7.33587
-433.59375	-18.60315	-0.47364	-9.87620	3.00233
-429.68750	-23.95415	3.95947	-5.84516	-3.86202
-425.78125	-22.43737	-2.48660	5.43871	-1.42011
-421.87500	-20.62897	-6.91788	9.46988	-2.19377
-417.96875	-22.81146	-1.67889	3.42783	-17.23487
-414.06250	-12.38297	6.78367	-0.19666	-12.24843
-410.15625	-2.32363	6.38183	-3.82111	1.41568
-406.25000	1.47156	6.78570	-13.48954	8.22314
-402.34375	9.93697	9.60717	-11.87584	12.66366
-398.43750	13.67629	2.35530	7.06377	12.17856
-394.53125	19.24849	-2.47911	15.12435	10.37309
-390.62500	27.40104	-6.50757	3.84410	13.14643
-386.71875	28.19800	-3.28313	4.24878	13.84403
-382.81250	36.83851	9.61157	5.86241	13.01360
-378.90625	36.44110	5.18018	-2.19437	11.76625
-375.00000	23.90526	3.97234	-0.17790	10.02274
-371.09375	16.86958	0.34698	1.03274	13.60003
-367.18750	11.00699	-6.09893	0.22882	11.41353
-363.28125	9.71039	10.01922	1.03658	8.52743
-359.37500	13.24334	11.63184	-6.61719	10.53907
-355.46875	12.05776	-0.45534	-8.22709	9.66628
-351.56250	12.82236	-1.26034	-11.44872	10.43085
-347.65625	13.56688	5.18750	-8.62634	11.81089
-343.75000	15.18530	7.60607	-3.78934	7.66744
-339.84375	23.85952	12.03930	-2.57870	6.88555
-335.93750	21.17369	4.78752	-2.17399	6.07900
-332.03125	17.67773	-12.53757	-1.36621	5.24931
-328.12500	21.37821	-16.16301	6.29127	5.76872
-324.21875	26.27092	-0.44778	5.89021	2.37652
-320.31250	28.79978	12.04401	-0.15194	2.82114
-316.40625	29.89247	9.62743	-0.15011	5.30441
-312.50000	24.58567	4.39029	-3.37165	5.71014
-308.59375	18.32924	6.80881	-11.02552	9.40439
-304.68750	15.97505	8.01856	-6.18857	9.17611
-300.78125	7.91521	6.40779	3.08061	6.80853
-296.87500	-2.08435	1.57352	-3.36435	2.90995
-292.96875	-2.31573	-4.87240	0.26387	4.96302
-289.06250	-4.43913	1.57538	2.28030	7.81032
-285.15625	-6.02616	10.44092	-4.56763	7.92169
-281.25000	-1.72482	12.85952	-0.53643	7.56727
-277.34375	-3.84574	4.39896	1.48007	6.14854
-273.43750	-6.61743	2.78808	1.48194	6.23038
-269.53125	-2.19659	2.78902	-5.76895	-2.64035
-265.62500	4.99772	-4.86570	-19.06383	-5.81821
-261.71875	3.50479	5.61135	-21.07668	-2.55760
-257.81250	-0.37939	18.10320	-8.98704	-5.52986
-253.90625	-2.82847	3.59862	-2.94138	-6.20360
-250.00000	-4.35426	-3.65327	-1.32785	-5.42819
-246.09375	-2.52361	-2.04059	2.30036	-2.22583
-242.18750	1.03949	-5.26312	8.74914	1.41692
-238.28125	3.87658	-6.06796	16.80958	5.34704
-234.37500	10.25597	-6.87275	6.33515	10.77363
-230.46875	11.25214	-0.82784	-6.95977	6.29626
-226.56250	7.67959	-9.69141	-5.34623	4.19438
-222.65625	9.81841	-16.94324	-2.12111	9.82210
-218.75000	14.96160	-4.85439	-14.20721	10.57505
-214.84375	13.69415	3.20504	-21.86107	10.82453
-210.93750	12.79312	9.24980	1.51074	13.19199
-207.03125	11.83974	4.81845	15.61507	13.84643
-203.12500	8.89006	-3.23927	13.60226	12.18316
-199.21875	11.11195	4.82020	11.18661	12.57170
-195.31250	13.12183	4.41828	10.78552	11.27371
-191.40625	9.94020	-7.66873	7.16093	8.00492
-187.50000	13.18595	-9.68253	3.53639	12.62755
-183.59375	18.80679	1.19747	2.73236	13.33595
-179.68750	10.85874	11.27158	-6.93619	10.53114
-175.78125	1.68404	8.04905	-10.96374	2.04650
-171.87500	5.11156	6.84118	-11.76789	-3.22254
-167.96875	5.27703	12.08028	-8.13975	0.53776
-164.06250	-0.72146	3.61966	0.32365	2.40239
-160.15625	-3.53034	-6.04979	4.35474	0.42456
-156.25000	1.93954	1.20387	3.55066	6.10923
-152.34375	7.17148	8.86045	-3.29732	14.56377
-148.43750	7.86216	6.04091	4.36014	15.05009
-144.53125	7.52577	0.40091	14.03231	14.43934
-140.62500	4.20598	-2.01573	7.58724	14.48779
-136.71875	5.82412	1.20863	3.96267	12.58261
-132.81250	9.26893	3.62713	7.59078	9.78783
-128.90625	8.45494	5.23994	-0.86899	8.61882
-125.00000	9.30318	0.00288	-4.89657	9.55762
-121.09375	10.69511	-13.69576	-0.86552	7.19035
-117.18750	6.48163	-8.85970	-0.46080	2.93104
-113.28125	2.13437	-1.20314	-1.66783	2.59488
-109.37500	3.43374	-1.60510	-0.05435	1.79310
-105.46875	5.82516	-4.02165	2.36500	3.47274
-101.56250	3.44589	-19.33205	-4.08011	-4.14064
-97.65625	4.71303	-14.89881	-8.10759	-10.75782
-93.75000	8.32975	2.83120	-16.97025	-4.59892
-89.84375	4.08478	6.45856	-13.74494	-3.41322
-85.93750	8.37924	7.66835	-4.87864	-4.62059
-82.03125	16.30437	3.64009	-2.05635	-3.79005
-78.12500	17.43605	-6.43215	-2.86043	-0.68231
-74.21875	23.01660	-1.19315	-6.08219	1.90467
-70.31250	27.73759	5.65764	-6.08050	2.66946
-66.40625	18.98631	-0.38533	-2.04947	1.79858
-62.50000	15.82876	-2.80196	-1.24182	3.40814
-58.59375	19.66471	-4.00987	1.98340	4.95250
-54.68750	19.19549	-11.26167	1.58222	9.61372
-50.78125	20.80556	-20.52812	-8.08632	11.17610
-46.87500	17.90874	-3.20115	-8.48742	6.61368
-42.96875	10.07880	21.37870	-3.24761	-1.48269
-39.06250	10.58777	15.73873	-5.26049	-0.29997
-35.15625	10.56041	-5.21273	4.81449	4.42450
-31.25000	4.24171	3.65276	-1.63076	2.76493
-27.34375	-1.29584	17.75640	-18.14924	2.16955
-23.43750	-1.75039	4.86361	-9.68594	0.87959
-19.53125	-1.33877	-7.22332	0.79202	1.69235
-15.62500	-2.49194	-14.47519	1.59960	4.06487
-11.71875	-4.22526	-16.89189	-1.21919	4.83415
-7.81250	-2.76166	-5.20592	-1.21746	7.40410
-3.90625	-1.92723	8.09182	-0.00696	7.67540
0.00000	-4.43364	6.07820	-7.66083	5.28882
3.90625	-1.83495	7.28790	-2.82399	7.32505
7.81250	2.25458	-3.99323	6.04218	5.29455
11.71875	-0.58554	-6.40985	4.02926	1.76783
15.62500	-9.78844	3.66436	1.61336	0.77400
19.53125	-14.41398	-0.76685	-8.86118	4.84898
23.43750	-12.45617	4.06923	-14.90346	10.17488
27.34375	-12.18047	3.66713	-6.84319	6.56248
31.25000	-12.89455	-4.39057	2.02302	4.19837
35.15625	-17.67426	-1.56912	13.30683	3.54661
39.06250	-20.80568	7.29636	17.74078	4.80616
42.96875	-20.25829	-0.35835	10.48973	8.18174
46.87500	-25.77335	-15.26576	7.26785	6.21932
50.78125	-26.78964	-2.37099	6.46360	-0.21256
54.68750	-23.56454	8.91206	0.01847	2.69780
58.59375	-24.01247	2.86899	-2.80019	7.17605
62.50000	-23.23212	4.88455	-0.78384	5.37459
66.40625	-20.79747	3.27377	3.65001	2.65221
70.31250	-22.52304	-3.17223	5.66629	1.02546
74.21875	-20.20134	0.85805	5.66798	3.46668
78.12500	-17.99102	3.67955	-3.59774	1.08069
82.03125	-15.33924	9.32160	-1.58153	3.76790
85.93750	-14.58208	5.69617	8.89621	9.15657
89.84375	-19.43216	-12.03171	4.06266	6.29990
93.75000	-21.27886	-17.26875	1.64675	3.83928
97.65625	-23.69344	-15.25312	0.84265	5.45874
101.56250	-21.16385	4.08847	-3.58790	9.00244
105.46875	-19.62188	5.70115	-4.79506	7.59930
109.37500	-21.14043	0.06116	-0.36117	4.32811
113.28125	-18.32963	-4.37007	0.04336	7.44285
117.18750	-17.74843	-12.42766	1.25374	9.83541
121.09375	-13.31129	0.46718	-5.19149	6.97589
125.00000	-11.34225	4.90041	-6.80160	2.00846
128.90625	-19.18419	1.67791	-6.79991	-4.48789
132.81250	-16.58560	1.67881	4.48384	-3.85411
136.71875	-15.86795	-1.54371	11.73828	0.91513
140.62500	-20.39400	4.90415	-1.95970	-1.90863
144.53125	-22.78864	0.87581	-8.40490	-9.22855
148.43750	-23.23313	-13.62869	-8.40324	-10.07599
152.34375	-19.66845	-16.04527	-5.98400	-4.66684
156.25000	-15.63268	-3.15048	-8.39989	-3.57242
160.15625	-16.22619	4.50619	-5.57781	-5.16039
164.06250	-15.68886	-7.58073	-2.35275	-3.14662
167.96875	-13.54409	-1.93865	0.87232	-1.15608
171.87500	-17.49954	13.37368	4.09738	-2.24861
175.78125	-12.20414	9.34540	-2.75091	-2.01457
179.68750	0.80068	-0.32394	-1.54055	-2.77891
183.59375	4.71375	-3.94934	-8.38871	-2.31050
187.50000	-2.20497	3.70718	-14.02811	-0.29318
191.40625	-7.65579	6.52861	-1.93859	4.20673
195.31250	-8.80130	-0.72320	6.12171	5.58996
199.21875	-12.02630	-7.16905	4.91457	-5.64227
203.12500	-9.53544	-12.00312	3.30442	-3.49708
207.03125	-0.90290	-6.36103	0.88850	4.19666
210.93750	3.01712	2.50451	-0.31862	-0.20915
214.84375	5.45871	-1.52387	2.90654	-2.51579
218.75000	7.34171	-4.74626	1.29645	-4.88530
222.65625	7.23475	-5.95410	-5.95466	-5.90153
226.56250	1.23880	0.09083	-7.56473	-8.23773
230.46875	0.82369	8.55328	-3.93679	-7.84148
234.37500	7.21141	21.04499	1.30297	-0.94636
238.28125	1.28558	22.25478	3.31928	-1.31245
242.18750	-7.83733	0.09462	1.70917	-5.09092
246.09375	-7.46644	-1.51607	-0.30386	-6.16776
250.00000	-13.82784	2.91722	-1.51100	-10.22771
253.90625	-19.25043	0.50066	5.34037	-10.65183
257.81250	-14.88190	-1.91592	7.35661	-8.21792
261.71875	-12.44811	1.30857	1.71725	-7.10829
265.62500	-11.30721	9.77111	2.52467	-2.89053
269.53125	-3.86455	6.95153	2.52623	3.10827
273.43750	-1.39349	-0.70313	-7.54546	2.21520
277.34375	-3.68717	-1.91097	-1.09698	-3.84200
281.25000	-0.15590	3.73109	6.56031	-1.07443
285.15625	3.81479	0.50888	3.33846	1.59273
289.06250	4.52549	-7.54864	-11.56832	3.55726
292.96875	3.97512	-1.10071	-16.80482	0.18241
296.87500	2.63742	3.73543	-3.90955	-4.70421
300.78125	1.23314	4.13935	2.13598	2.13140
304.68750	-0.38307	8.57252	-0.28008	3.65415
308.59375	4.89715	11.39395	-1.89031	1.99725
312.50000	6.53142	6.55979	0.52887	7.42595
316.40625	3.28794	-7.13886	-4.70765	6.52294
320.31250	6.21928	-5.52626	-9.94420	3.31551
324.21875	9.93844	-0.69014	-2.68993	5.30740
328.12500	11.35140	0.92250	0.93799	5.27677
332.03125	21.18756	5.75851	0.93957	1.78464
335.93750	33.72421	-3.91088	-1.07355	6.47015
339.84375	25.67757	-15.99790	-1.07202	8.52185
343.75000	15.43349	-5.92364	2.95882	8.96871
347.65625	15.83058	4.55361	-0.66614	10.97651
351.56250	11.68642	5.36055	-6.70858	6.62790
355.46875	6.51519	0.52646	-7.10987	4.80851
359.37500	8.83672	0.12448	-0.66137	8.48353
363.28125	9.24647	-0.68042	-1.06281	10.60785
367.18750	7.45362	-1.48535	-4.28477	6.20153
371.09375	8.65468	-5.51367	-1.05978	-0.20545
375.00000	8.29438	-11.95953	-3.47581	-2.89293
378.90625	8.88053	-2.28830	-5.89187	1.99261
382.81250	12.72576	7.78588	3.78000	8.20953
386.71875	11.60196	-3.49531	7.40788	7.47050
390.62500	11.69256	-16.38805	6.20067	5.45992
394.53125	10.05479	-10.34302	-0.24469	2.70746
398.43750	-0.78600	-0.67166	-9.10762	-0.87650
402.34375	-7.17459	11.01415	-4.27081	-3.46432
406.25000	-6.37859	9.80637	1.77474	-1.33468
410.15625	-10.22085	4.16632	-5.07348	-1.35771
414.06250	-9.55287	3.76438	-6.68376	2.27018
417.96875	-6.06017	2.95956	0.57045	7.93597
421.87500	-4.52584	1.34882	4.19836	4.59695
425.78125	-4.58665	1.34975	4.60278	1.14010
429.68750	-3.89537	3.36533	4.20134	3.11383
433.59375	3.47010	-0.66303	3.79985	5.86940
437.50000	4.34125	-10.33241	-5.06304	8.28489
441.40625	4.14744	-3.07867	-8.28496	9.42645
445.31250	-0.35163	8.60735	-1.83663	5.22324
449.21875	-5.99479	11.02597	5.82059	5.97984
453.12500	-1.63952	16.66815	9.85138	7.46146
457.03125	-1.81432	6.19302	5.01765	3.39453
460.93750	-1.30577	1.35884	-2.23367	2.56262
464.84375	0.27817	8.20953	-1.02340	2.04903
468.75000	-2.01159	11.03094	-1.42488	4.82174
472.65625	1.71793	13.04654	0.99423	8.25578
476.56250	-0.34864	4.58600	6.23391	6.15997
480.46875	-0.74327	-4.68039	-3.83779	4.55517
484.37500	2.53545	-8.70871	-7.86557	1.28676
488.28125	-1.21296	-5.48424	0.59744	-1.16734
492.18750	-4.18184	5.79887	3.01648	-0.61193
496.09375	-5.36235	12.64981	-2.22013	-1.54932
500.00000	-5.45150	13.05376	-5.44208	0.89932
503.90625	-3.65904	11.44307	6.24440	6.56204
507.81250	0.02735	11.44404	7.05170	5.74030
511.71875	1.61921	11.04207	-1.00545	1.81074
515.62500	0.07182	0.56692	-3.42153	1.21999
519.53125	3.50473	-5.07324	-13.49315	-5.98698
523.43750	11.90933	-2.25195	-2.61251	-2.67565
527.34375	9.36432	-2.65397	9.87977	0.96475
531.25000	-2.22898	-2.25010	1.01673	-0.99625
535.15625	-6.60588	9.43590	-3.41410	4.39591
539.06250	-9.33440	17.89844	-0.18916	5.25266
542.96875	-11.20474	12.66129	4.64747	6.21073
546.87500	-12.28771	9.43889	2.23139	6.66602
550.78125	-15.72161	4.20179	3.84462	1.04009
554.68750	-13.70554	5.81443	-2.19780	2.33872
558.59375	-16.97417	4.60666	-10.65787	2.78773
562.50000	-19.82028	-17.55356	-8.23878	-1.43124
566.40625	-19.40049	-18.76133	-9.44612	1.08443
570.31250	-21.12610	-1.03144	-5.01246	-0.13949
574.21875	-19.61033	6.62522	4.65926	-2.13051
578.12500	-17.40004	9.84960	3.85485	-0.08437
582.03125	-17.97174	2.19479	-8.63460	-1.82944
585.93750	-16.00580	-4.25112	-13.87131	-1.27592
589.84375	-13.60310	0.98798	-8.22885	-0.50622
593.75000	-10.61472	-6.66665	4.26339	-5.38440
597.65625	-9.00014	-5.45690	10.30875	-7.39139
601.56250	-0.42672	7.43786	0.23688	1.79334
605.46875	9.17383	7.03591	-7.82031	8.04584
609.37500	-2.01512	-4.24514	-5.80427	0.34246
613.28125	-12.50105	-13.10866	-0.16183	-5.40727
617.18750	-11.91991	-9.88429	4.27183	-1.00008
621.09375	-13.52685	-4.64526	1.45270	3.79604
625.00000	-12.76670	-3.03269	1.45412	6.88729
628.90625	-10.93830	3.01212	5.08193	9.65825
632.81250	-4.71337	5.02770	-4.18398	14.72424
636.71875	6.48056	-3.43292	-3.77964	17.88176
640.62500	7.59564	-3.43196	2.26572	14.25211
644.53125	4.79820	-11.08663	1.86418	12.57323
648.43750	5.15980	-3.43005	8.31253	10.92003
652.34375	9.12784	6.24120	-1.75940	5.45017
656.25000	10.74639	-1.81652	-0.54927	8.15661
660.15625	11.76499	-3.83023	10.33128	8.98648
664.06250	12.70555	-2.21752	4.28879	6.97120
667.96875	7.19505	0.20109	2.27554	0.90340
671.87500	2.43408	3.02249	1.87395	-2.60639
675.78125	5.31219	-2.21480	3.08414	5.28366
679.68750	10.66167	-5.43741	1.47376	9.75774
683.59375	8.12817	5.84557	-4.16586	8.21186
687.50000	8.05958	3.02605	8.32636	2.57389
691.40625	10.66766	-0.59926	11.14823	4.25375
695.31250	8.31357	8.66914	-3.35582	7.24920
699.21875	8.31242	-5.83541	2.28665	8.10525
703.12500	9.59479	-16.31066	9.13778	6.62451
707.03125	10.16926	-5.43051	1.08050	3.43965
710.93750	10.06047	1.42039	0.27589	3.06373
714.84375	9.27927	10.68876	7.52995	4.38406
718.75000	8.34249	6.25750	7.53130	3.62697
722.65625	13.47424	5.45261	7.93568	4.22315
726.56250	16.74632	7.87117	2.69894	-0.52998
730.46875	15.92880	4.64874	-3.74671	-0.93903
734.37500	19.09359	-0.18550	-7.77472	2.73311
738.28125	22.03265	-7.03436	-11.39965	5.18812
742.18750	16.93947	-12.27154	4.71893	1.41017
746.09375	9.65492	-4.61494	11.57005	-4.90433
750.00000	8.12891	8.27978	0.69213	-0.90523
753.90625	7.94454	-0.18071	-0.51543	4.71493
757.81250	5.46336	-1.79144	5.93272	2.71690
761.71875	-1.37020	8.28274	5.93405	-6.64937
765.62500	1.38238	6.67200	-0.10856	-9.68417
769.53125	12.85431	7.47872	-4.94237	-4.49103
773.43750	22.57799	11.10592	-2.92633	0.66002
777.34375	19.47833	3.45124	0.29839	0.24389
781.25000	9.30978	-9.03864	-10.57936	-3.43533
785.15625	1.19225	-8.23190	-21.86004	-3.18585
789.06250	-2.52965	-6.21637	-11.78554	-2.02715
792.96875	-4.69226	-12.66230	-2.11401	-3.79035
796.87500	-10.86562	1.44141	4.33406	-4.24479
800.78125	-10.65871	14.33625	13.19969	-1.84148
804.68750	-11.46958	0.23465	3.93353	-0.31881
808.59375	-12.63678	-1.77913	-8.15302	-1.16997
812.50000	-6.16779	7.08621	-3.71949	1.43814
816.40625	-10.21756	5.47539	1.11706	-1.07674
820.31250	-13.73358	7.49086	1.52138	-7.10485
824.21875	-10.41778	8.29755	1.52280	-2.69554
828.12500	-8.60251	8.29847	-12.57840	-1.11467
832.03125	-7.63154	-1.37097	-10.56240	-4.60698
835.93750	-7.98938	-10.23444	5.55608	-3.95095
839.84375	-7.97822	-6.20416	0.72209	-6.33166
843.75000	-5.32928	-4.18857	2.73792	0.15896
847.65625	-6.14181	-9.42569	7.57431	3.37541
851.56250	-9.48091	-8.21597	1.93455	-0.57055
855.46875	-9.81772	-2.97701	-6.92863	-2.79311
859.37500	-6.28801	-20.70510	-10.55366	-3.95347
863.28125	-3.46139	-27.95696	-3.29974	-1.02353
867.18750	-0.01677	-4.58600	4.76001	0.61394
871.09375	7.63058	0.25008	-0.47688	2.26539
875.00000	19.76073	-2.56958	-7.72843	0.78652
878.90625	27.59927	5.48983	-10.95065	-1.17802
882.81250	14.52115	5.08775	-10.54646	-1.00526
886.71875	4.53267	8.31209	0.33383	-0.93863
890.62500	5.42888	1.46322	2.34969	1.48286
894.53125	6.20842	-6.59440	-0.87260	3.96829
898.43750	6.64949	8.71789	1.14326	5.62219
902.34375	2.67841	0.66017	1.14449	8.67516
906.25000	4.68319	-12.63572	4.36921	10.80470
910.15625	8.89960	-2.15867	1.54989	7.96095
914.06250	9.16461	6.30373	-11.34273	5.54473
917.96875	13.86611	7.11044	-8.52108	10.80748
921.87500	15.40049	1.47030	3.97099	14.72097
925.78125	12.11618	-2.55806	-4.89227	13.27853
929.68750	14.41905	-2.95999	-14.56140	12.43152
933.59375	10.09942	-6.98837	-10.12791	8.33704
937.50000	6.53827	-4.56993	-5.69454	6.72301
941.40625	10.77657	-2.55436	2.76818	11.49075
945.31250	9.90362	-7.79151	6.79862	8.09320
949.21875	6.27488	-1.74673	2.77055	4.82030
953.12500	2.16839	5.10385	0.35423	5.09301
957.03125	-0.82718	3.08999	-3.27092	3.44349
960.93750	5.72495	-2.14731	2.77412	6.23777
964.84375	8.92017	-0.13173	8.81920	8.54457
968.75000	12.27092	7.52487	-1.25286	8.49664
972.65625	18.41763	9.13738	-3.26631	6.69238
976.56250	17.96242	8.33242	-1.65332	2.17888
980.46875	7.89723	-4.15752	-9.71067	0.17099
984.37500	-0.50923	-13.82693	-6.48607	-3.09754
988.28125	-4.25779	-1.33518	1.17075	-8.37229
992.18750	-3.19758	3.90375	1.57481	-1.77312
996.09375	5.29208	-8.98911	-3.66206	6.15382
1000.00000	8.02326	-11.00284	-10.10776	5.37890
1003.90625	8.20389	8.74163	-14.53894	4.59461
1007.81250	10.27835	18.00985	-10.50849	5.78748
1011.71875	12.67595	14.38428	0.77477	7.09594
1015.62500	18.38114	9.55004	8.02873	6.50507
1019.53125	24.23160	3.90985	1.58304	7.75962
1023.43750	22.56291	-5.35672	-4.05671	5.83284
1027.34375	14.37700	-10.99680	-3.24961	0.60870
1031.25000	15.27464	-2.53432	2.39264	5.49745
1035.15625	17.34471	3.51054	1.99082	5.65153
1039.06250	11.39280	5.92897	-10.49888	0.86714
1042.96875	12.74600	10.36202	-9.69197	2.22806
1046.87500	12.87193	11.16872	3.20293	2.68319
1050.78125	11.45274	0.29049	2.80123	5.11584
1054.68750	10.24566	-13.81125	-6.86787	0.77341
1058.59375	8.58895	-10.58691	-0.41978	-1.19525
1062.50000	12.18991	2.71066	8.84874	2.64430
1066.40625	16.23622	12.78468	8.44701	3.95109
1070.31250	14.10767	16.81476	3.21007	3.13010
1074.21875	7.16187	9.96583	0.39069	4.76545
1078.12500	2.52233	4.72868	-8.47254	8.02040
1082.03125	-0.06406	-0.50850	-7.66558	7.48411
1085.93750	-3.33627	-4.53694	-0.41169	7.23177
1089.84375	-2.14251	-0.90979	-0.81346	7.59848
1093.75000	-0.76593	4.73206	-1.61828	4.73491
1097.65625	-8.01595	-1.71410	-0.81123	-0.49555
1101.56250	-9.51589	-10.57778	-1.21303	-0.98136
1105.46875	-9.98875	-19.03837	1.60862	-1.57867
1109.37500	-13.52210	-9.77012	2.01273	-2.83530
1113.28125	-13.93494	9.16845	-1.20963	0.27928
1117.18750	-17.78625	7.15466	-5.64083	-0.14885
1121.09375	-18.58753	-3.72370	-9.66901	-5.02322
1125.00000	-9.76911	-8.55819	-9.66789	-0.32038
1128.90625	-5.52358	-2.11046	-10.87561	5.27093
1132.81250	-12.59581	7.56082	-11.27745	2.68099
1136.71875	-13.08727	-0.49683	-6.84422	1.40607
1140.62500	-10.76389	-8.15165	-5.63433	-0.20910
1144.53125	-9.12962	0.71371	-0.79796	4.55867
1148.43750	-9.97734	10.38487	4.03838	8.54630
1152.34375	-14.87450	3.93883	2.83072	7.50841
1156.25000	-21.31511	-6.13349	-2.00331	0.54420
1160.15625	-23.92342	3.53778	-8.44908	-5.47594
1164.06250	-19.75983	-1.29655	-8.04503	-4.67088
1167.96875	-15.19747	-1.69869	-6.83523	-0.66555
1171.87500	-16.73551	6.76353	-10.86345	-1.75800
1175.78125	-23.93107	4.74968	-3.20663	-9.58240
1179.68750	-23.01429	-2.50218	-9.24949	-9.54071
1183.59375	-15.47512	-11.76869	-19.72473	-7.46038
1187.50000	-9.90330	-5.72392	-4.81528	-7.45754
1191.40625	-6.89281	-0.48509	1.22974	-7.38965
1195.31250	-4.00918	-8.94582	-1.18680	-7.61794
1199.21875	-2.39897	-2.09516	-4.00617	-6.76202
1203.12500	-5.14629	12.81413	-5.61680	-6.63129
1207.03125	-4.97525	6.77106	-8.43623	-7.80182
1210.93750	-0.24934	-3.70424	-8.03222	-6.96923
1214.84375	-5.86625	-2.09169	-8.43408	-12.49889
1218.75000	-13.25044	3.55022	-10.44768	-14.06213
1222.65625	-10.53672	5.16266	-8.43200	-7.01930
1226.56250	-11.29433	6.77514	-1.98410	-4.51989
1230.46875	-10.90337	0.32906	4.86671	-2.91435
1234.37500	-3.70963	-6.51987	-6.01134	-2.86864
1238.28125	-3.18854	-1.68383	-12.45724	-4.84600
1242.18750	-9.08785	3.15229	-3.59180	-3.38600
1246.09375	-14.76090	-0.87609	2.85613	-2.85085
1250.00000	-19.10781	6.78049	-4.39561	-7.31348
1253.90625	-22.91886	3.96080	-9.63265	-8.94623
1257.81250	-25.80327	-13.76730	-2.78170	-5.30335
1261.71875	-23.36971	-8.52836	0.44275	-4.59654
1265.62500	-19.00564	2.75462	3.66720	-4.40805
1269.53125	-11.96616	4.36724	10.11506	-3.64728
1273.43750	-3.85437	-0.06414	4.47509	-2.12267
1277.34375	1.50740	-3.28676	-7.61177	-0.52421
1281.25000	-1.00552	-2.07711	-1.96969	0.63169
1285.15625	-6.30263	2.35597	4.88104	2.08999
1289.06250	-6.39826	-1.26962	2.46448	-5.21290
1292.96875	-4.93456	-7.71559	4.48014	-8.99087
1296.87500	-4.25819	-4.89418	0.04888	-2.59568
1300.78125	7.23074	-1.26695	-3.17358	5.85140
1304.68750	12.86665	3.97193	2.46844	6.56792
1308.59375	5.25248	-3.28002	-1.96285	3.29902
1312.50000	4.87150	-21.41095	-1.15600	8.32451
1316.40625	5.25383	-8.11337	10.93294	11.04737
1320.31250	4.15534	11.63103	11.33700	10.66016
1324.21875	4.65077	13.64643	-1.55571	7.41369
1328.12500	7.27218	11.63245	1.26586	10.60624
1332.03125	11.46688	8.81269	10.93720	12.75487
1335.93750	12.31804	0.35205	8.11781	9.78446
1339.84375	10.71781	-0.05003	8.52183	11.83600
1343.75000	9.74067	8.41232	8.92575	13.08852
1347.65625	8.92852	1.16041	3.28575	7.03752
1351.56250	5.99273	-9.71782	2.48092	0.67403
1355.46875	5.65620	-6.09065	0.87020	1.67492
1359.37500	7.97738	-7.29872	1.27418	3.73808
1363.28125	8.78966	-12.13310	5.30452	1.02707
1367.18750	6.59358	-7.69997	3.69387	-2.17052
1371.09375	5.37672	-4.07278	-4.36362	-2.93660
1375.00000	14.28371	4.38955	-7.98890	-1.99772
1378.90625	26.55478	14.06069	-3.15268	0.06720
1382.81250	28.78817	15.67319	-5.56921	-5.40091
1386.71875	36.93172	13.65935	-5.56815	-7.75188
1390.62500	46.28960	-3.66569	3.29739	-4.92741
1394.53125	43.44284	-16.96139	3.29845	-4.45660
1398.43750	43.88399	-14.94586	-2.74434	-2.39979
1402.34375	54.01550	-15.75098	-9.19009	-2.57022
1406.25000	60.45253	-12.92967	-14.02416	-2.05245
1410.15625	50.56631	0.36777	-7.17314	1.14779
1414.06250	27.86431	-6.07838	1.28952	2.35786
1417.96875	16.44847	-12.52452	4.51400	1.17357
1421.87500	8.71534	1.17598	0.08272	-0.15114
1425.78125	-0.20999	4.40028	-3.94553	-1.19073
1429.68750	-4.75690	-1.64289	0.08489	-1.23194
1433.59375	-8.67363	-0.03032	5.32406	1.52327
1437.50000	-10.62306	-3.25289	4.51918	4.74425
1441.40625	-12.02581	-17.75761	6.53491	3.87091
1445.31250	-14.91332	-19.36847	0.49200	2.89079
1449.21875	-16.52736	-12.51771	-14.81840	6.46765
1453.12500	-12.97810	-3.24943	-10.78812	9.56069
1457.03125	-11.13843	1.58654	7.34490	6.29931
1460.93750	-11.03309	0.78152	15.80756	2.64658
1464.84375	-10.65814	-1.23228	14.59976	4.55028
1468.75000	-9.32174	-4.05186	8.55673	4.90513
1472.65625	-6.80120	0.38121	2.11077	6.32425
1476.56250	-6.04743	5.21709	7.75276	5.43701
1480.46875	-8.45688	1.99444	12.58892	4.63782
1484.37500	-7.99886	4.41293	10.17226	8.62183
1488.28125	-6.10641	9.24895	5.74100	12.61432
1492.18750	-6.25496	-5.25564	-7.55472	11.96065
1496.09375	-6.22678	-11.70148	-6.34504	4.97908
1500.00000	-8.73364	1.19320	8.16129	3.80118
1503.90625	-10.97053	8.44672	4.93877	6.24020
1507.81250	-12.52233	5.62699	-1.10421	3.80661
1511.71875	-16.97445	6.03066	-1.10321	0.68274
1515.62500	-23.35705	5.22563	-1.90803	-4.34049
1519.53125	-24.75933	-1.62327	3.73398	-5.90665
1523.43750	-26.02508	2.00392	8.57020	-4.20732
1527.34375	-26.55535	10.46632	8.57119	-4.99935
1531.25000	-25.25494	6.03500	7.36331	-6.15474
1535.15625	-24.79684	13.69159	1.72318	-2.37450
1539.06250	-23.49622	11.27485	-8.34910	0.49664
1542.96875	-19.72567	-8.87077	-4.72178	1.45442
1546.87500	-17.18240	-4.43765	-1.90030	-0.50818
1550.78125	-15.37843	11.27743	-0.69049	-2.50798
1554.68750	-11.75073	10.47237	3.33975	-0.80649
1558.59375	-9.78131	8.45847	3.74359	-1.56645
1562.50000	-8.19542	11.68270	6.56512	-2.15932
1566.40625	-3.34354	4.83376	0.92505	-2.06130
1570.31250	-3.86053	-0.40350	0.12019	-4.89706
1574.21875	-8.79187	0.40315	-3.50531	-8.49981
1578.12500	-4.56710	1.61278	-5.51910	-9.67716
1582.03125	-1.10980	-2.41568	-10.75630	-6.99007
1585.93750	-2.77046	-8.45889	-14.78460	-5.63075
1589.84375	-5.20319	-6.44330	-2.69571	-5.66708
1593.75000	-3.42380	-2.81604	4.96082	-4.50139
1597.65625	0.20525	2.82586	1.33535	-5.70254
1601.56250	1.12274	-0.79968	-2.29022	-4.97953
1605.46875	-2.57362	-0.39588	-1.48348	-6.38275
1609.37500	-10.53935	5.64886	0.53211	-8.44516
1613.28125	-10.95229	-2.00594	-1.07864	-6.13639
1617.18750	-5.93920	-7.64603	-3.89819	-8.98203
1621.09375	-1.09956	-8.85408	-3.49444	-10.23000
1625.00000	1.67489	-5.22694	-1.88183	-5.93002
1628.90625	9.94973	4.44425	4.56601	0.06438
1632.81250	18.99481	9.28020	7.79036	5.13027
1636.71875	22.12978	14.92204	4.97077	4.66120
1640.62500	27.27382	13.31117	7.79214	3.85204
1644.53125	24.07296	-2.80508	12.62815	4.99350
1648.43750	15.56956	-0.78951	11.42019	7.36952
1652.34375	9.06080	10.89636	9.80935	8.34647
1656.25000	-1.00610	4.04735	8.19842	9.03805
1660.15625	-5.62905	6.46577	-1.06811	7.45012
1664.06250	-5.49481	12.91346	-8.32007	5.03175
1667.96875	-3.34999	6.87036	0.54519	7.02263
1671.87500	1.96203	2.03600	8.60480	8.75109
1675.78125	5.64574	-1.99251	6.18815	6.97092
1679.68750	12.20377	-6.02099	4.57740	4.59540
1683.59375	12.49055	-1.58792	7.39879	2.24393
1687.50000	4.76609	5.66569	9.41435	3.05308
1691.40625	1.33020	-2.39192	2.16256	4.73321
1695.31250	0.18500	-4.80859	-3.07459	6.11716
1699.21875	1.79573	0.02737	9.01429	5.76481
1703.12500	-0.54799	5.26634	8.61242	2.67278
1707.03125	-6.82316	8.08778	-5.48923	0.69712
1710.93750	-2.90237	8.89451	-2.66775	1.53044
1714.84375	3.16645	13.73052	9.82407	5.26890
1718.75000	1.02105	6.47860	7.00441	4.10930
1722.65625	-1.09961	2.85308	2.57305	0.67678
1726.56250	-0.24477	-0.77243	5.79735	1.16232
1730.46875	-5.89703	-4.39784	7.41004	-0.45480
1734.37500	-2.05873	6.88511	4.18753	-2.93127
1738.28125	7.89232	13.33283	-2.66136	-6.15361
1742.18750	17.15691	8.90151	-2.66047	-4.94368
1746.09375	15.65531	0.84381	-1.04799	-3.33087
1750.00000	7.39202	-1.97579	4.59379	1.10249
1753.90625	2.98171	2.05443	7.41511	2.31238
1757.81250	-4.98188	8.50219	5.40126	0.29876
1761.71875	-8.42777	0.44446	2.58157	2.71730
1765.62500	-10.82895	-3.58401	3.38828	3.52420
1769.53125	-10.87731	4.87839	6.20963	7.55441
1773.43750	-10.92812	2.46163	2.98706	7.95815
1777.34375	-13.85916	0.44780	2.98797	7.55610
1781.25000	-9.84685	5.68676	0.16833	7.55686
1785.15625	-5.45760	5.68763	0.16911	4.73696
1789.06250	-7.36339	8.91198	8.22840	7.96097
1792.96875	-3.49135	11.33048	4.60271	9.97607
1796.87500	-1.81654	9.31672	-0.23177	10.78239
1800.78125	-4.43094	8.51170	-3.45437	8.76809
1804.68750	-6.51203	11.33310	-4.66229	4.73904
1808.59375	-7.44828	9.31934	1.78527	5.54522
1812.50000	-9.35521	-1.15606	6.62129	3.12784
1816.40625	-9.95194	-9.61674	7.02503	1.91918
1820.31250	-14.34481	-8.40713	0.57894	1.11347
1824.21875	-15.20439	-3.16811	0.98264	-2.10980
1828.12500	-10.72748	4.08562	0.58048	1.91967
1832.03125	-13.20393	7.71300	-7.88022	1.51686
1835.93750	-16.90884	1.26697	-3.85018	-2.51249
1839.84375	-11.38750	-10.41723	3.80617	-0.49778
1843.75000	-13.81004	-20.08670	-1.02823	-1.30372
1847.65625	-13.97669	-6.78914	0.98719	-4.52720
1851.56250	-9.39173	7.71726	4.61436	-6.94473
1855.46875	-12.20851	1.67420	5.42094	-4.12421
1859.37500	-11.67848	-6.38359	2.19823	-2.51248
1863.28125	-8.77889	-12.82966	-3.84496	-0.90069
1867.18750	-7.12094	-13.63471	0.18502	-4.12411
1871.09375	-3.95677	1.27456	-4.24652	-6.13873
1875.00000	-0.68227	9.33399	-10.28963	-4.12407
1878.90625	0.49454	9.33484	-3.84186	-5.33286
1882.81250	-2.53282	8.93279	-1.02052	-3.72111
1886.71875	1.78056	2.08379	-1.01979	2.32281
1890.62500	0.68711	-7.58563	-11.09236	-2.10949
1894.53125	-11.33863	-4.36137	-15.92691	-13.39160
1898.43750	-7.10558	-0.33127	-9.47937	-10.57117
1902.34375	0.89360	2.49006	-3.83767	-6.54195
1906.25000	1.44401	8.13191	-3.43413	-10.16837
1910.15625	6.55770	-4.35818	-8.67160	-8.15375
1914.06250	6.59480	-7.17792	-4.64154	-6.13910
1917.96875	-0.23163	7.32846	-4.64079	-7.34794
1921.87500	0.68987	14.58210	-9.87823	-1.30405
1925.78125	4.35903	14.18016	-4.63942	-1.30405
1929.68750	9.22706	10.15175	-1.41527	-0.09522
1933.59375	11.62094	4.10850	-2.22039	3.93409
1937.50000	9.43134	2.09457	2.61554	1.51652
1941.40625	12.16311	-5.96322	2.61616	1.91938
1945.31250	13.74678	-9.58870	-4.23314	-1.30408
1949.21875	13.13034	-1.93216	-2.62069	-0.90112
1953.12500	8.98211	-1.52833	-7.45509	1.11351
1957.03125	5.76600	-4.75098	-13.90128	0.30766
1960.93750	9.52174	-3.13848	-13.49768	-1.30413
1964.84375	11.87601	5.32395	-16.72035	-3.31879
1968.75000	12.22670	9.35412	-9.46676	4.73982
1972.65625	13.99494	7.34027	-3.82492	5.14276
1976.56250	11.74063	1.29717	-7.04766	1.11348
1980.46875	8.87931	-2.32829	-4.22652	-0.09530
1984.37500	6.80233	-3.53624	-7.85218	-0.90112
1988.28125	5.71238	-4.74422	-5.83687	-0.09521
1992.18750	7.32362	-7.16103	2.62526	2.72538
1996.09375	6.00142	-4.33965	1.41716	2.32258
2000.00000	0.15882	-3.93587	-3.41731	0.71094
2003.90625	-5.50743	-8.36725	-5.43121	-0.09483
2007.81250	-6.81464	-7.56050	-11.07141	-1.30360
2011.71875	-3.37218	-1.11280	-13.48824	2.32288
2015.62500	1.84617	4.93208	-0.99671	3.93466
2019.53125	5.11458	5.73878	1.42160	2.72595
2023.43750	2.34139	3.72497	-13.08316	1.51726
2027.34375	-3.59559	-1.10944	-14.69428	-1.70616
2031.25000	-4.38800	-4.33200	-2.60560	-5.33252
2035.15625	-0.72229	0.90693	-5.42538	-1.70603
2039.06250	-4.05833	-6.34499	-11.87159	-0.09425
2042.96875	-8.73991	-10.77634	-11.06501	-3.31762
2046.87500	-1.15106	-2.31388	2.23239	0.30888
2050.78125	2.66836	-5.13360	-0.58742	5.14414
2054.68750	0.71641	-2.31220	-14.28637	2.72665
2058.59375	1.24600	6.95606	-6.22707	-0.89957
2062.50000	3.14917	10.18035	-0.18242	-0.49646
2066.40625	3.74204	14.61333	-3.40517	2.32415
2070.31250	2.08714	17.03175	-17.10410	1.92134
2074.21875	6.16638	13.80912	-16.29758	0.30977
2078.12500	1.68558	8.57191	1.83496	1.92158
2082.03125	-3.09462	1.72309	3.44737	2.32471
2085.93750	0.20332	-2.70830	-0.17839	-0.49563
2089.84375	3.94532	-6.33383	-2.19238	-0.09259
2093.75000	3.14045	-5.12422	-3.80343	-3.71874
2097.65625	-4.75556	1.32353	-4.20571	-7.34497
2101.56250	-3.70340	11.80055	-10.65201	-4.52430
2105.46875	3.54170	15.02489	-23.14225	-2.91237
2109.37500	-1.02154	4.95256	-18.30637	-6.94146
2113.28125	-7.14843	-15.19304	-5.41195	-16.20864
2117.18750	-5.98969	-19.22144	-5.81420	-12.17914
2121.09375	-6.74013	-3.90924	2.64803	-6.94083
2125.00000	-9.21274	3.34442	4.26043	-9.35823
2128.90625	-8.78189	5.76297	-6.61802	-9.35803
2132.81250	-7.77314	7.37562	-3.79670	-8.95485
2136.71875	-8.86711	0.52676	3.05385	-10.16346
2140.62500	-13.01574	-5.91928	-4.60112	-10.96912
2144.53125	-12.27622	-5.51554	-11.04738	-6.13375
2148.43750	-5.63431	4.15555	-16.68777	-1.29840
2152.34375	-3.96740	9.39457	-21.52224	-0.89522
2156.25000	-5.32796	1.33699	-6.61318	-2.50675
2160.15625	-1.58151	-13.57050	10.71349	-0.89481
2164.06250	5.22691	-20.82242	5.87893	8.77572
2167.96875	-0.84478	-11.55411	-8.62590	3.53779
2171.87500	-9.02333	6.17570	-9.83403	-5.72948
2175.78125	-5.84701	14.63816	-9.02746	-0.08834
2179.68750	-8.30182	8.59513	-0.96811	1.92648
2183.59375	-13.92339	3.35800	6.68824	-0.49091
2187.50000	-13.34983	0.53843	-3.38447	-6.13184
2191.40625	-12.86260	-9.93688	-17.08341	-10.16101
2195.31250	-9.61543	-5.50372	-23.12674	-6.13161
2199.21875	-6.98873	10.21144	-15.06749	-6.93735
2203.12500	-7.27699	6.58591	-9.42591	-6.93722
2207.03125	-7.69157	-7.91861	-4.18717	-10.16056
2210.93750	-5.00474	-9.52943	-7.00699	-11.36925
2214.84375	5.12755	-1.06709	-13.45319	-2.50464
2218.75000	5.98141	5.38070	-11.43787	-1.29570
2222.65625	7.02941	16.26066	-13.45187	-2.90730
2226.56250	6.05609	18.27611	-14.66008	-7.33944
2230.46875	0.45182	4.98029	-2.97452	-10.15979
2234.37500	-3.11636	-4.68915	3.47293	-11.36844
2238.28125	-6.05985	-4.28532	-4.18226	-11.77124
2242.18750	-6.06342	2.96826	-4.98756	-9.35346
2246.09375	-3.13361	2.56610	-4.98695	-12.17382
2250.00000	1.09308	1.35811	-0.15114	-8.95023
2253.90625	8.36689	-1.86446	3.47598	-4.11496
2257.81250	15.71378	-3.07231	-8.61131	-1.69726
2261.71875	14.68484	3.37551	-13.44580	-2.10003
2265.62500	17.52109	-7.09980	-2.56599	-2.09984
2269.53125	19.88970	-12.33702	2.26976	-1.29380
2273.43750	15.40611	-1.85999	0.25574	-6.12873
2277.34375	13.28033	-1.85911	-3.77295	-6.12853
2281.25000	12.45699	-0.24644	-3.77236	-3.71069
2285.15625	3.95210	2.17203	-3.77177	-3.30756
2289.06250	-1.17747	6.60520	-7.80054	-4.11321
2292.96875	0.67962	6.60603	-6.18826	-4.11303
2296.87500	2.35410	8.21858	-4.17294	-2.90406
2300.78125	8.20102	17.88966	-4.97811	-4.91855
2304.68750	10.14903	5.80253	-5.38036	-4.91838
2308.59375	10.01842	-14.34314	-0.14161	0.31989
2312.50000	9.32016	-1.85132	2.27658	1.93176
2316.40625	6.30580	11.84927	2.68014	1.52907
2320.31250	9.56860	0.56817	3.48658	1.12632
2324.21875	20.79694	-11.11586	-8.19789	-0.08224
2328.12500	22.05055	-9.90610	-9.00323	2.73843
2332.03125	11.91847	-6.68178	3.48819	3.14153
2335.93750	0.55814	-2.65163	-1.74927	-6.52864
2339.84375	-5.60529	6.61666	-10.61317	-13.37831
2343.75000	-6.81894	5.00581	-10.61263	-12.97526
2347.65625	-8.19421	-10.30477	-4.56809	-13.37808
2351.56250	-3.20623	-9.90092	-4.97051	-8.13981
2355.46875	-1.99358	4.60545	-11.01391	-6.93087
2359.37500	-8.31334	5.41210	-13.83392	-12.57178
2363.28125	-4.20498	-3.45142	-23.50370	-10.55703
2367.18750	3.49687	-11.91207	-19.87679	-10.55695
2371.09375	1.01992	-15.53762	-0.53555	-11.36275
2375.00000	-2.55536	-1.83706	1.88248	-15.39200
2378.90625	-2.58731	6.22237	-6.17551	-16.60074
2382.81250	-3.19713	0.58213	-6.57789	-12.57138
2386.71875	0.71329	0.58290	-0.93638	-6.12441
2390.62500	8.48440	1.38954	1.88457	-0.88623
2394.53125	10.15856	-9.08584	-3.35299	-5.72126
2398.43750	7.94496	-6.26443	-11.81396	-2.09482
2402.34375	10.30338	3.80968	-16.64853	5.15804
2406.25000	11.25714	-6.26270	-11.81278	7.17284
2410.15625	10.32731	-3.84432	-3.75353	11.60526
2414.06250	7.54427	3.00637	-8.18519	10.39663
2417.96875	3.94182	-1.02225	-14.22848	5.96459
2421.87500	1.23744	5.42542	-10.19864	5.15898
2425.78125	5.71303	11.47015	-2.54249	8.38265
2429.68750	5.34368	8.65046	-5.76550	9.59165
2433.59375	-3.14093	5.02502	-4.15337	2.74198
2437.50000	-4.12112	3.81707	3.90572	1.13047
2441.40625	-3.40320	-0.21146	-2.13772	1.53357
2445.31250	-2.62462	-5.04582	-4.55474	-1.28683
2449.21875	-3.24038	-9.88008	5.51906	-2.09255
2453.12500	-1.74706	-11.89398	4.71371	-0.48070
2457.03125	0.67835	3.82111	-8.58253	-1.68941
2460.93750	-0.80357	12.28353	-9.79075	-6.52452
2464.84375	-2.07534	9.86679	-5.35805	-4.91268
2468.75000	-1.72430	9.06174	1.89520	3.95188
2472.65625	4.47658	1.00391	7.13376	10.80189
2476.56250	3.43142	-1.01004	1.09023	8.78736
2480.46875	-7.89113	8.25824	-6.16212	-4.50933
2484.37500	-9.96784	11.07958	-6.16173	-6.52391
2488.28125	-1.38727	9.87158	0.28554	-0.88278
2492.18750	1.02992	8.66359	-1.72868	-0.47975
2496.09375	0.91661	-3.02059	-2.93701	3.95252
2500.00000	2.72986	-15.51055	3.91323	5.96725
2503.90625	7.53998	-9.86861	7.13712	5.96732
2507.81250	16.30632	6.24941	4.31699	5.96741
2511.71875	12.89913	16.32363	-6.96465	5.16162
2515.62500	5.22381	10.68344	-8.57588	1.93822
2519.53125	6.47772	7.46070	-6.96366	-0.07640
2523.43750	10.15158	8.67027	-10.18675	-1.68806
2527.34375	10.66165	-0.19337	-15.42447	-5.71731
2531.25000	7.04890	-0.59556	-10.18594	-6.92606
2535.15625	1.85026	5.85219	-3.33571	-4.91132
2539.06250	2.94659	9.07655	-7.36462	-0.47900
2542.96875	3.90613	9.88322	-4.14080	-4.10532
2546.87500	1.42182	9.48101	8.35045	-6.92571
2550.78125	3.22660	8.67596	9.15667	-2.09048
2554.68750	2.48345	13.51198	-6.15428	-2.09036
2558.59375	0.99844	10.69232	-10.98896	-1.68724
2562.50000	-2.73929	-6.22994	-4.54152	-4.50762
2566.40625	-5.36980	-15.89949	1.50287	-6.11910
2570.31250	-3.80120	-0.18434	5.93544	-2.08962
2574.21875	-0.93079	17.94836	-2.12284	-1.28363
2578.12500	0.22936	18.75503	-20.65739	-5.31278
2582.03125	-2.93917	17.95004	-17.03062	-8.13304
2585.93750	-0.85006	6.66885	-13.40380	-6.11812
2589.84375	1.68290	-1.38893	-13.00036	-4.10326
2593.75000	2.48939	3.85000	-4.53831	-0.07379
2597.65625	5.06934	1.03036	-0.50849	5.56747
2601.56250	4.91241	9.08975	-1.31395	0.73246
2605.46875	4.90445	14.73151	-8.56632	-1.68488
2609.37500	7.19086	3.45020	-16.22156	-0.47588
2613.28125	3.48136	2.64508	-19.84755	1.94182
2617.18750	4.63983	14.33081	-10.17679	1.13610
2621.09375	5.90381	21.18136	-10.17646	-3.29603
2625.00000	2.62524	12.31766	-16.22008	-6.11638
2628.90625	6.27950	-0.97838	-12.99633	-3.69863
2632.81250	6.07939	3.45468	-17.83124	-0.87798
2636.71875	4.98553	13.52876	-11.38397	0.33098
2640.62500	1.64273	4.66505	-13.39823	1.13699
2644.53125	-2.85574	-9.83965	-18.63594	1.54014
2648.43750	-3.86942	-10.24172	-1.30958	1.13739
2652.34375	-6.63461	-13.46439	5.54067	-0.87711
2656.25000	-1.95111	-2.58461	-1.30877	-3.29460
2660.15625	6.63062	18.77130	-3.32306	-2.48864
2664.06250	4.17167	16.75748	-11.78429	-5.30902
2667.96875	6.56158	9.90857	-18.23088	-4.50307
2671.87500	6.44162	7.89471	-10.97789	-2.48833
2675.78125	1.15645	10.71595	-15.00681	-6.51753
2679.68750	1.92506	11.52251	-15.00646	-1.27938
2683.59375	-0.47314	1.85301	1.51403	1.13821
2687.50000	-5.13776	-0.16085	3.52905	-2.48817
2691.40625	-4.65058	7.49557	1.51476	-0.07050
2695.31250	-0.59766	2.66124	-0.09669	1.54132
2699.21875	-0.38862	-5.39654	2.72417	1.13842
2703.12500	-2.69163	-1.76944	2.32152	-2.48790
2707.03125	-0.28563	7.09578	-10.57192	-1.68188
2710.93750	1.99826	9.91698	-9.76561	-0.07008
2714.84375	0.44557	8.70894	-1.70663	-0.06999
2718.75000	-1.52100	9.91858	1.51714	2.34772
2722.65625	3.95936	10.72528	-2.10898	5.97419
2726.56250	7.82129	5.89095	0.30891	9.60072
2730.46875	8.26095	2.26528	5.54729	6.78033
2734.37500	8.31910	3.47481	7.15930	6.37747
2738.28125	7.39024	1.46097	3.53329	5.57171
2742.18750	4.96912	-8.20857	-6.53974	2.34831
2746.09375	7.09320	-13.84882	-4.12190	5.97471
2750.00000	11.72297	1.06032	-0.89815	4.36304
2753.90625	10.93822	6.70203	-7.34472	-0.06924
2757.81250	10.22668	3.88227	-0.09170	2.75129
2761.71875	10.00360	-0.14627	7.16132	6.37774
2765.62500	12.83976	-3.77192	2.32647	7.98940
2769.53125	25.28147	10.73437	3.93846	3.96000
2773.43750	34.90036	16.37628	1.11821	0.33355
2777.34375	38.01258	15.57118	2.73020	4.76561
2781.25000	27.51866	17.58647	6.35676	5.97424
2785.15625	11.76083	7.91681	-2.91041	3.15351
2789.06250	5.82519	0.26185	-2.91023	2.34739
2792.96875	5.26448	2.68016	3.13389	0.33244
2796.87500	2.90941	-0.94558	-2.10391	0.73499
2800.78125	-2.92885	-1.34779	-10.56515	0.33176
2804.68750	-7.42815	3.89097	-14.19122	-5.71258
2808.59375	-6.35025	9.93559	-10.16164	-10.14526
2812.50000	-11.07821	16.78611	-0.49102	-8.53402
2816.40625	-18.92824	8.72820	6.76201	-7.32573
2820.31250	-20.90399	-1.74729	11.59744	-0.47638
2824.21875	-21.36109	-1.74653	9.18009	0.32897
2828.12500	-22.52567	4.29814	4.34518	-4.90967
2832.03125	-23.79376	3.89596	3.13660	-2.49269
2835.93750	-23.06678	-2.55023	-2.50420	3.95367
2839.84375	-21.97785	-7.78762	-9.35385	3.95314
2843.75000	-22.38594	-7.38393	-13.78581	-0.47958
2847.65625	-18.92638	0.67540	-16.20312	1.93746
2851.56250	-14.74455	1.48196	-6.12968	1.93696
2855.46875	-11.51752	3.09451	3.13800	-0.48109
2859.37500	-10.18184	9.94511	3.54128	3.14476
2863.28125	-7.28256	15.98972	5.55620	5.56186
2867.18750	-2.40148	17.19909	4.75060	7.97887
2871.09375	-5.68444	13.17037	7.16840	8.78427
2875.00000	-6.43940	6.32126	1.93050	6.76913
2878.90625	-3.24807	-0.12471	-2.50151	6.76863
2882.81250	0.97717	-5.76498	-7.33653	3.94758
2886.71875	5.29040	-7.37596	-11.36566	9.18524
2890.62500	2.98813	-11.80751	0.31948	10.39366
2894.53125	3.85633	-15.43323	-3.70965	7.57283
2898.43750	11.31296	-9.38847	-1.69477	6.36370
2902.34375	17.29773	-1.32912	4.34936	-0.08351
2906.25000	15.83389	4.31252	-5.72370	0.72210
2910.15625	20.14214	3.10444	-10.15575	5.96000
2914.06250	26.22359	7.13438	-4.91748	5.95981
2917.96875	19.39765	6.32915	-8.14081	0.31866
2921.87500	7.02280	-4.14635	-6.12599	-4.11373
2925.78125	3.84261	-7.36918	-0.08185	-0.89037
2929.68750	3.07017	-0.51866	-6.93148	-0.48747
2933.59375	5.06152	1.49674	-8.94598	1.93002
2937.50000	4.88722	1.90033	-4.11071	0.72125
2941.40625	0.76984	3.10976	-10.55740	-10.96355
2945.31250	7.59226	-2.53058	-9.75131	-6.93411
2949.21875	14.63217	3.91707	-2.09555	-0.48708
2953.12500	11.69325	6.33535	-3.30420	-6.53095
2957.03125	10.49224	2.30675	-0.48346	-2.09853
2960.93750	14.24848	8.75437	5.96362	-0.88952
2964.84375	20.63259	7.54627	-2.09476	-3.30687
2968.75000	20.17797	5.93525	-11.36202	-3.30659
2972.65625	16.30579	3.92131	-4.51203	-2.90332
2976.56250	10.42578	1.90731	-4.91475	-1.29129
2980.46875	9.17677	-0.10668	-5.72045	-2.49979
2984.37500	11.12964	-3.32944	-2.09401	-0.48477
2988.28125	9.63729	1.50628	-1.69088	1.93312
2992.18750	11.24907	0.70109	1.53277	-1.69288
2996.09375	14.35962	3.52234	0.72704	-7.33360
