 	TP9	AF7	AF8	TP10	
-1000.00000	-12.83566	-0.52313	6.43904	-3.82740
-996.09375	-5.85163	-0.92579	5.51946	2.14208
-992.18750	-3.75380	-1.73134	5.34849	5.21171
-988.28125	0.19759	1.49238	6.55592	9.73768
-984.37500	6.51738	1.49265	4.71144	10.08618
-980.46875	9.87333	3.10464	2.00702	6.60956
-976.56250	0.27943	3.10493	3.92978	5.16178
-972.65625	0.18997	1.09059	2.54307	-2.27019
-968.75000	6.90322	1.09091	-1.51421	1.59732
-964.84375	-1.55224	-0.92346	-1.35509	4.61949
-960.93750	-7.71825	-2.13200	1.19769	-3.53568
-957.03125	-3.64574	1.49466	1.93563	3.32750
-953.12500	-4.30895	3.50957	1.35172	6.38507
-949.21875	-5.73629	3.91277	0.89487	3.56233
-945.31250	-1.98830	7.94233	-1.78091	-0.44259
-941.40625	-5.57705	7.53965	-1.62940	2.40528
-937.50000	1.71081	3.91353	-2.07483	2.67947
-933.59375	1.28538	5.92846	-9.50765	-4.28432
-929.68750	7.41059	8.34627	-8.37755	1.53164
-925.78125	4.40452	7.54070	4.24045	5.38135
-921.87500	-7.88089	5.52632	4.80780	1.06483
-917.96875	5.06550	1.49731	0.76217	-4.44134
-914.06250	-3.57453	0.28881	0.58685	-7.68957
-910.15625	-9.25691	3.91550	-0.72373	-1.27119
-906.25000	1.51007	9.15390	-1.82570	1.94928
-902.34375	1.08161	8.34831	-1.65184	-1.51035
-898.43750	4.80299	6.33397	0.37320	-4.33823
-894.53125	9.31625	5.52840	1.81819	0.59672
-890.62500	13.56814	4.31989	2.90431	2.40602
-886.71875	7.46168	2.70848	4.60016	4.17394
-882.81250	-0.04711	1.49998	2.36203	12.00875
-878.90625	2.12909	3.51492	1.19005	11.44746
-875.00000	4.50019	1.50054	3.05022	1.63141
-871.09375	11.82301	-3.33431	3.71519	2.08592
-867.18750	8.56201	-3.33402	1.76027	4.80686
-863.28125	-0.79206	-0.11032	2.74732	4.55685
-859.37500	14.77012	3.91931	4.01857	2.21906
-855.46875	9.37623	3.11371	3.07366	2.66305
-851.56250	-4.01320	1.09935	5.33511	6.22878
-847.65625	8.03668	2.30842	4.56324	7.47862
-843.75000	6.09787	2.30872	3.53346	13.61094
-839.84375	0.81758	3.51784	1.20258	13.50667
-835.93750	3.39384	4.32399	1.48497	0.05995
-832.03125	4.74326	1.10086	2.12294	-6.12101
-828.12500	15.15554	0.69828	1.32453	2.92408
-824.21875	9.33950	2.71323	4.72094	2.10531
-820.31250	-1.85648	0.69891	6.84468	-3.44500
-816.40625	3.07170	-3.73306	5.53643	1.87564
-812.50000	5.05437	-3.32979	4.15155	0.89458
-808.59375	10.17808	0.29685	2.92363	-5.22714
-804.68750	7.32105	0.70013	2.68382	-1.34671
-800.78125	0.29835	3.92389	6.84224	3.74607
-796.87500	-0.85891	6.74470	4.34852	6.09173
-792.96875	-3.07747	1.90988	-0.66702	0.67899
-789.06250	1.97186	-2.11915	3.71980	-2.87024
-785.15625	-3.18095	-0.91002	4.67549	-1.97770
-781.25000	-4.40622	-1.31258	4.01600	-4.00257
-777.34375	3.68744	-2.11813	2.75603	-0.99541
-773.43750	0.89862	0.70274	1.36637	-4.75723
-769.53125	-1.80408	1.50889	3.71331	-3.70343
-765.62500	-0.40730	1.50922	3.84665	0.21698
-761.71875	-3.07886	4.33005	1.99254	0.30737
-757.81250	1.39737	6.34503	2.37033	1.96612
-753.90625	9.73108	2.31602	2.19296	5.13100
-750.00000	-4.37017	-0.50420	2.09862	0.73516
-746.09375	-11.75701	-3.72738	1.80957	-5.23425
-742.18750	-3.78157	-4.53294	0.36892	-0.24519
-738.28125	-0.88301	-1.30925	-1.24132	0.46699
-734.37500	2.87063	0.70567	-1.81431	-0.28433
-730.46875	-0.48512	2.72057	-1.52732	3.59537
-726.56250	-11.44062	2.72084	-1.43532	1.81982
-722.65625	-6.11294	1.91529	-1.25728	-6.05935
-718.75000	2.08242	6.34777	-2.43802	-8.71797
-714.84375	-13.23490	0.30411	-1.79121	-7.30785
-710.93750	-10.69510	-3.72488	-1.52342	-7.61406
-707.03125	-6.70884	-0.09821	-2.66415	-7.62731
-703.12500	-10.07483	-0.90379	-2.48307	-8.26716
-699.21875	-1.39465	-0.90355	-0.81734	-7.45891
-695.31250	5.33347	-0.90330	0.24686	-4.66263
-691.40625	7.71341	0.30575	0.49844	1.35414
-687.50000	7.67835	-0.49985	0.13821	10.34757
-683.59375	1.65705	-0.09668	-0.89035	21.34084
-679.68750	-5.27373	0.30652	-4.03495	11.09286
-675.78125	-12.34080	-0.09616	-5.37078	-6.45625
-671.87500	-7.71095	-1.70760	-4.72923	-4.96015
-667.96875	3.51848	-1.30440	-4.30994	3.36651
-664.06250	3.69693	-0.49827	-4.94044	-0.63804
-660.15625	0.91770	0.71079	-5.64440	-6.65339
-656.25000	-2.99959	0.71103	-5.34818	0.19947
-652.34375	0.24931	-0.49752	-3.10436	-0.77316
-648.43750	7.40695	3.12905	-2.30875	2.05478
-644.53125	2.89354	1.92054	-5.36537	-0.86563
-640.62500	-5.79059	-0.89978	-7.25720	-1.46616
-636.71875	1.12179	-2.51123	-6.53548	1.60114
-632.81250	2.98956	1.51830	-8.32660	-4.62180
-628.90625	0.81337	3.93612	-9.16917	-1.23995
-625.00000	2.06879	3.53341	-6.99985	4.54686
-621.09375	0.79012	5.54828	-3.23246	7.71893
-617.18750	3.24545	9.98075	-3.29211	7.81860
-613.28125	3.33217	7.56337	-8.71131	0.41301
-609.37500	-2.15667	1.11672	-8.37074	-1.68131
-605.46875	1.62559	2.72872	-7.02277	-0.51337
-601.56250	8.16527	3.13187	-4.85196	5.59138
-597.65625	-0.25818	1.92341	-1.66240	14.01198
-593.75000	-5.97492	3.13240	-0.63257	12.31194
-589.84375	0.11137	3.53561	0.08658	-0.88047
-585.93750	3.17619	2.32705	0.61013	-0.73039
-582.03125	-0.59062	2.32731	0.37515	1.42114
-578.12500	-2.13834	4.34221	-1.24394	2.85234
-574.21875	4.08070	3.13367	-0.20804	14.55034
-570.31250	10.84459	1.11929	0.48874	13.25085
-566.40625	6.72238	0.71663	-2.23232	3.09497
-562.50000	13.20132	-0.08901	-4.47385	2.46426
-558.59375	11.70432	-1.70045	-5.66352	2.13908
-554.68750	4.08521	-2.50604	-4.21496	7.12309
-550.78125	11.91389	-0.89406	-0.71769	9.28314
-546.87500	6.22155	0.71798	2.58192	5.32585
-542.96875	-4.85644	0.71828	1.15061	0.66539
-539.06250	-3.45862	-2.50489	-0.41567	-0.62043
-535.15625	2.50018	-4.11633	2.65796	0.50191
-531.25000	2.51688	-6.13069	2.51164	-1.09953
-527.34375	-1.54733	-8.54795	1.35410	-0.48021
-523.43750	0.03286	-5.72727	0.72917	-2.76209
-519.53125	1.92989	-0.89192	-2.82653	-3.00980
-515.62500	3.35394	-0.08582	-2.15388	0.72577
-511.71875	-0.82403	-0.08558	-3.12023	-4.19950
-507.81250	-6.91191	3.13809	-6.72137	-13.51372
-503.90625	-1.94897	4.75007	-4.52920	-4.59048
-500.00000	2.48188	3.13854	-3.22598	0.61135
-496.09375	-0.60734	1.12415	-5.35441	-5.10415
-492.18750	2.69950	2.33323	-5.12247	-6.06389
-488.28125	1.41278	3.13935	-6.33266	-5.56720
-484.37500	-10.80219	3.94550	-4.55070	-1.59225
-480.46875	-8.65502	3.54282	-0.80827	2.18393
-476.56250	10.76216	3.54312	-3.31773	1.13922
-472.65625	9.46371	4.75219	-4.30155	0.95993
-468.75000	-1.95528	3.14070	-3.12075	0.39503
-464.84375	-0.74072	1.93226	-2.55864	5.02872
-460.93750	3.56896	1.93255	-2.82640	5.33465
-457.03125	5.62624	3.14158	-2.08868	-2.30824
-453.12500	3.35061	3.54481	1.75954	2.36041
-449.21875	6.35471	1.93343	2.51143	4.77494
-445.31250	12.11652	4.75424	-0.97038	7.61884
-441.40625	16.18252	6.36629	-1.22188	9.65983
-437.50000	16.21670	4.75490	0.34721	5.90351
-433.59375	6.52264	3.54638	-1.44451	3.37065
-429.68750	1.36448	-0.07967	-1.92613	2.33545
-425.78125	-0.03102	-3.30268	-3.00804	-6.70994
-421.87500	-3.05007	-2.89945	-2.44099	-7.40135
-417.96875	0.22497	-1.28743	1.16890	1.19388
-414.06250	1.25427	-0.07821	1.39662	5.60025
-410.15625	-6.84677	-0.48064	-1.52548	-0.07051
-406.25000	-9.78067	-2.49516	-1.41859	0.73106
-402.34375	-2.95762	-6.12137	1.57572	7.34340
-398.43750	1.16575	-4.91228	-0.02558	12.17003
-394.53125	0.03721	-0.88271	-1.80405	9.44842
-390.62500	-5.38207	-2.49419	1.69953	-0.02521
-386.71875	3.41912	-3.70267	2.99236	0.13014
-382.81250	-1.26986	-1.28460	-1.66343	1.11436
-378.90625	-5.13823	-0.07537	-6.05882	0.55233
-375.00000	4.88780	-0.07499	-3.79570	2.01753
-371.09375	5.76284	-0.88056	-0.71308	-4.37860
-367.18750	5.32154	0.73151	0.95839	-1.65840
-363.28125	5.23421	-0.47697	1.54263	4.94066
-359.37500	4.67859	0.32923	2.41094	3.40806
-355.46875	0.09002	1.13555	2.67484	4.25435
-351.56250	-5.24127	-0.47565	2.51884	7.41668
-347.65625	-3.26506	-0.47520	2.55289	3.83094
-343.75000	-4.39833	-0.87772	0.31436	-1.72206
-339.84375	-3.23200	0.33156	-0.40476	-1.42362
-335.93750	-3.47635	1.54086	-0.12234	2.45553
-332.03125	-2.93305	1.94433	-1.49902	-4.12834
-328.12500	3.04679	1.94479	-3.90910	-12.40930
-324.21875	3.67747	1.94520	-2.52724	0.06851
-320.31250	-2.28053	-0.47201	2.01418	1.36799
-316.40625	-7.42567	-1.68039	5.13823	-10.23431
-312.50000	-10.27827	-1.67994	6.17098	-12.02113
-308.59375	-2.73711	0.73812	4.94311	-12.90472
-304.68750	-5.59413	-0.87325	6.71801	-15.06800
-300.78125	-13.82575	-6.91685	8.45890	-13.19848
-296.87500	-14.98306	-10.13998	7.97992	-15.68784
-292.96875	-15.58983	-7.72206	4.17317	-17.47388
-289.06250	-4.89947	-4.90130	3.72490	-8.53187
-285.15625	0.42393	-5.30392	7.90417	-4.81852
-281.25000	-6.03941	-4.90064	7.24482	1.61867
-277.34375	-3.98967	-7.31795	8.40241	7.84970
-273.43750	-1.13736	-5.70594	11.04217	6.10289
-269.53125	-4.64585	-3.69106	10.56866	5.54534
-265.62500	-3.65210	-8.12300	8.28448	7.04864
-261.71875	-3.50321	-7.71976	7.63921	10.76572
-257.81250	-6.68260	-5.70481	6.00233	7.18669
-253.90625	-4.39270	-2.07824	4.61615	4.30797
-250.00000	-5.60001	-0.46629	4.52189	2.73313
-246.09375	-10.56925	-2.48067	5.03872	3.21097
-242.18750	-11.45814	-3.28615	7.22446	8.60329
-238.28125	-2.91828	-2.07713	5.61413	3.27180
-234.37500	-1.17920	-4.09152	2.22061	-7.95543
-230.46875	-13.80246	-4.49414	2.10461	-10.92524
-226.56250	-16.69921	-2.07633	3.80829	-5.04481
-222.65625	-8.14792	-4.49360	6.00094	3.59628
-218.75000	0.04749	-2.47866	4.41719	9.80244
-214.84375	0.84741	0.74511	3.85522	14.03338
-210.93750	11.84869	0.74537	5.73466	18.96544
-207.03125	15.83494	3.16316	4.99679	18.95252
-203.12500	1.99281	2.35753	6.38659	10.65723
-199.21875	2.21151	-0.86572	3.62008	6.22759
-195.31250	0.07522	2.76092	1.05782	9.82998
-191.40625	-8.02092	1.14939	4.12979	3.35612
-187.50000	-2.81780	-4.08846	-2.27443	-0.14101
-183.59375	-6.82438	-4.08821	-3.30308	1.58519
-179.68750	-7.30834	-4.89388	2.81956	-4.23029
-175.78125	-1.48159	-3.28189	3.49828	-4.45331
-171.87500	-6.11904	-0.46116	1.72216	-2.15115
-167.96875	-6.57440	1.55372	-2.29086	0.53484
-164.06250	-1.56041	3.97156	-2.11554	0.96292
-160.15625	6.13680	6.79229	-3.22257	-5.85791
-156.25000	13.90475	6.38956	-4.13527	-11.09262
-152.34375	8.69241	5.98686	-4.30910	-10.05009
-148.43750	1.34480	7.19580	-3.91659	-0.37193
-144.53125	2.87570	8.00191	-3.34687	-5.70953
-140.62500	0.23584	4.77867	-6.44768	-7.92153
-136.71875	2.71593	3.57007	-4.51720	-5.65984
-132.81250	-1.46022	3.57026	0.13846	-10.67390
-128.90625	-5.24798	2.76457	0.50459	-6.88894
-125.00000	-6.00713	3.16764	0.25619	-2.31074
-121.09375	-9.70332	2.76496	1.20297	2.07016
-117.18750	-2.81574	4.77982	3.56089	3.37880
-113.28125	-2.32591	6.79467	1.76802	-2.81780
-109.37500	1.04980	3.16849	-1.11493	-7.32949
-105.46875	3.22031	-0.45770	1.03884	-4.14678
-101.56250	-0.71608	0.75125	-0.41673	-8.92104
-97.65625	3.35140	1.96022	-5.28585	-3.32086
-93.75000	2.06679	1.55740	-6.27077	-1.39437
-89.84375	4.92961	2.36346	-3.53688	-1.69281
-85.93750	-1.27296	3.97541	-0.19286	2.88975
-82.03125	-4.23389	4.37857	1.58679	-1.40537
-78.12500	-2.55807	7.60228	1.57938	1.23482
-74.21875	-1.17419	8.00534	3.82403	2.05383
-70.31250	0.75428	4.37901	1.29737	1.15739
-66.40625	2.27318	1.15578	-1.42358	10.34255
-62.50000	4.31995	1.15595	-0.03860	4.87704
-58.59375	6.04611	2.76775	-0.42235	-1.08888
-54.68750	6.88850	2.36488	0.62327	-3.35754
-50.78125	9.07609	3.17071	2.50873	-1.19749
-46.87500	8.62167	3.57372	3.79369	6.53033
-42.96875	4.39314	3.17090	5.58580	11.94321
-39.06250	1.35849	4.78280	4.42236	19.52187
-35.15625	-4.77079	0.35073	2.25790	10.16792
-31.25000	-4.35135	-2.87252	0.09689	4.13435
-27.34375	-3.58051	0.35111	0.55106	9.99188
-23.43750	-12.47654	3.97772	-4.10321	-0.75146
-19.53125	-8.56485	3.57500	-11.68827	-0.19318
-15.62500	4.54417	3.97818	-3.35997	5.96007
-11.71875	1.57492	5.59011	2.52356	-2.18841
-7.81250	2.33702	3.57571	-2.28631	-2.23499
-3.90625	14.55286	3.97893	-2.91470	9.50902
0.00000	3.26945	5.18788	-0.40267	11.08467
3.90625	-4.25209	3.17340	-0.11348	4.96635
7.81250	7.51614	0.75601	-0.28445	8.43911
11.71875	0.18543	0.35317	0.11706	2.08629
15.62500	1.67000	2.36800	-0.11570	-0.78833
19.53125	0.19094	3.17406	2.01506	4.59976
23.43750	-4.16476	3.98021	0.71445	-0.07121
27.34375	3.40154	3.98050	-3.89566	-0.25013
31.25000	1.65331	1.96612	-2.31183	5.22944
35.15625	3.27124	-1.25710	-1.74979	2.20797
39.06250	-3.70051	-2.46566	-2.42036	-2.72351
42.96875	-2.04542	-0.85375	0.33223	-1.09816
46.87500	0.51492	-2.86815	0.95715	5.98902
50.78125	-5.74742	-5.68842	-1.11144	5.98702
54.68750	-5.22264	-7.70289	-1.36968	1.17643
58.59375	-5.99064	-14.55252	0.39349	4.02439
62.50000	-4.34370	-23.81972	-0.45493	-0.13346
66.40625	-0.73972	-29.05754	-2.24667	-6.29103
70.31250	4.98265	-30.26610	-3.53413	-4.90711
74.21875	5.20006	-33.08641	-4.21285	-5.08646
78.12500	-5.07072	-36.71262	-2.83971	-16.65545
82.03125	-9.85314	-35.90655	-1.64729	-14.50570
85.93750	0.04171	-32.27991	-2.22559	-6.06862
89.84375	-2.82007	-29.86213	0.09009	-3.67943
93.75000	-8.57319	-29.05596	0.59983	1.15294
97.65625	-2.95759	-28.65285	0.77361	8.16961
101.56250	-1.25077	-27.84678	3.60442	8.56526
105.46875	-1.57253	-25.02606	4.24342	4.63595
109.37500	-0.54394	-23.41410	2.91196	-0.40428
113.28125	-4.23265	-23.01079	1.78731	-10.32105
117.18750	-3.68256	-22.60767	-0.45085	-12.55916
121.09375	-1.10324	-21.39872	0.79472	-5.06149
125.00000	-12.43178	-19.38393	0.64010	0.83695
128.90625	-8.33225	-17.77189	-3.53012	1.69456
132.81250	-1.92280	-15.75705	-1.85878	2.80405
136.71875	-9.26213	-14.14519	-0.06591	-2.28086
140.62500	-4.17604	-12.53315	-0.80937	-0.58910
144.53125	-2.71999	-12.93566	-3.76899	-4.17426
148.43750	-0.79809	-12.12955	-3.11934	-2.22013
152.34375	3.19303	-12.12938	-0.26489	7.89428
156.25000	7.29803	-13.33802	-4.11523	11.60919
160.15625	10.88221	-9.30851	-2.01391	10.29633
164.06250	-1.04693	-7.29367	2.29769	3.29665
167.96875	-6.54730	-8.09923	2.53271	0.33962
171.87500	1.44758	-6.48718	0.92840	-1.49401
175.78125	4.49622	-4.87524	-0.10748	-6.74469
179.68750	3.37359	-4.06916	-0.40135	-5.04202
183.59375	1.85501	-4.87477	-1.70954	2.69654
187.50000	-0.99739	-8.90379	-1.88559	0.50702
191.40625	-0.30596	-8.50051	-1.50188	3.65289
195.31250	0.46355	-4.47097	0.67587	15.59224
199.21875	2.30540	-5.27658	1.20783	16.25301
203.12500	1.55106	-6.88803	-0.07718	8.52547
207.03125	-3.48776	-7.69362	-1.46649	5.93336
210.93750	8.00867	-7.69330	-0.70610	12.86053
214.84375	4.46774	-7.69301	-1.36208	8.91808
218.75000	-3.20446	-8.49862	-2.42453	-3.58275
222.65625	2.47153	-7.28971	-2.87881	-5.41073
226.56250	-2.33184	-6.88655	-3.05978	1.30358
230.46875	2.21822	-6.08047	-3.93641	-2.07475
234.37500	2.00311	-5.67723	-5.41492	-9.43629
238.28125	-4.69776	-6.88579	-6.06040	-6.92818
242.18750	-11.90657	-4.46794	-6.08564	-4.86637
246.09375	-14.85480	-2.85603	-5.86018	-4.52185
250.00000	-11.62993	-1.24406	-5.14880	-6.49987
253.90625	-10.15223	-2.45259	-2.21446	-5.61919
257.81250	-12.65292	-6.07871	-0.43176	-7.47980
261.71875	-7.33671	-4.86969	-3.25086	-6.36460
265.62500	-8.41831	-6.07827	-4.22681	-6.71294
269.53125	-8.55081	-2.85462	-3.94001	-5.25071
273.43750	-2.18024	0.36903	-4.65403	-5.41457
277.34375	-10.14920	-4.46590	-5.68497	-6.04105
281.25000	-15.25054	-4.86866	-6.06001	0.16477
285.15625	-5.18327	-2.04792	-5.41328	-0.03671
289.06250	0.57990	-1.64471	-3.93682	2.07477
292.96875	1.34268	-1.24152	-3.46586	1.25575
296.87500	2.81195	0.37040	-3.68784	-2.20444
300.78125	-7.04261	2.38529	-1.21631	3.84209
304.68750	-9.17877	-0.03206	-0.55516	2.60918
308.59375	-1.15767	-0.83768	-2.72130	-2.65605
312.50000	-1.59565	-0.83746	-1.87287	0.69636
316.40625	-8.01980	-1.24014	-2.09567	-2.41285
320.31250	-10.11547	-3.65753	-2.82287	-5.81099
324.21875	0.14344	-0.83680	-2.14409	0.00995
328.12500	7.99666	5.20732	-4.32319	6.34131
332.03125	5.12355	3.99874	-3.09815	6.60956
335.93750	-2.75660	1.98431	4.73286	2.20229
339.84375	0.50827	1.98451	6.44635	1.42517
343.75000	1.82940	1.98470	2.71326	3.44298
347.65625	-4.59197	-0.43273	-1.89278	1.66482
351.56250	4.98344	-0.83548	-0.69436	-1.14788
355.46875	4.09669	1.17941	-0.93056	-7.69430
359.37500	-4.99016	0.77670	-2.01659	-11.51805
363.28125	-1.70418	-0.02904	-1.29489	-2.40666
367.18750	-5.88043	-0.83476	0.54034	1.84668
371.09375	-10.47416	-0.83461	2.92118	0.39359
375.00000	0.85450	0.37436	3.47869	6.98650
378.90625	-5.25954	-1.23719	2.41080	4.51758
382.81250	-1.59560	-2.84879	1.14228	-1.82960
386.71875	4.53506	-2.04276	2.16993	2.85283
390.62500	-1.35676	-1.23670	3.71931	1.16142
394.53125	-6.43919	-1.23652	1.84371	-0.49121
398.43750	-6.34656	-2.44518	0.38795	0.37537
402.34375	-5.50271	-4.05677	2.77155	-1.68022
406.25000	-15.24895	-2.84777	3.80135	-3.78318
410.15625	-2.31313	-1.63883	1.70001	2.76815
414.06250	8.81022	-0.42985	3.83517	11.37992
417.96875	7.05789	-0.42967	3.19717	12.72585
421.87500	7.52479	2.79389	0.77210	4.08381
425.78125	3.67050	8.83797	1.40497	-6.78220
429.68750	6.00201	8.83813	0.08707	-2.84344
433.59375	10.34118	1.98849	0.18649	-0.91120
437.50000	13.59652	-0.83195	3.18309	0.47287
441.40625	3.23476	1.18283	3.20228	2.56532
445.31250	-4.78749	0.78004	2.63616	3.11712
449.21875	-0.58541	1.18308	4.11876	3.66554
453.12500	-5.47227	2.79497	1.77741	9.37871
457.03125	-6.07445	1.98926	-3.28024	7.13590
460.93750	10.63431	3.19811	-6.86126	-3.41738
464.84375	19.01037	5.21288	-4.59352	4.55470
468.75000	13.78867	5.21301	-1.91947	11.01190
472.65625	11.73882	3.60144	-4.68885	12.84007
476.56250	6.87192	2.79576	-2.09046	10.96097
480.46875	15.21555	2.79591	3.21822	10.31026
484.37500	13.81883	1.99024	3.08488	15.65737
488.28125	6.82005	-0.02430	3.32727	24.43169
492.18750	12.81989	1.58758	4.96408	26.80248
496.09375	16.57392	3.19946	4.33546	10.34104
500.00000	19.79585	1.99087	-1.61422	4.26070
503.90625	19.92992	0.78218	-1.72808	11.03605
507.81250	17.19256	3.60282	0.92130	9.27050
511.71875	17.11448	5.21466	-0.28901	6.14082
515.62500	10.94342	1.99142	0.28391	4.47470
519.53125	9.46413	1.58862	1.20579	8.25085
523.43750	15.58437	1.58872	4.33730	12.04117
527.34375	1.39213	0.78299	3.35344	14.68247
531.25000	-3.17694	1.18601	2.92243	17.74418
535.15625	5.69343	2.79782	3.48425	12.30496
539.06250	5.57117	2.39493	0.39582	8.58204
542.96875	7.62888	1.58916	0.73061	6.58078
546.87500	13.00954	1.58927	1.75820	1.98269
550.78125	13.19386	-1.63405	0.89817	-2.45165
554.68750	8.48030	-2.03688	1.04264	1.19919
558.59375	11.74150	-0.42498	1.59682	8.88223
562.50000	9.76194	5.21617	0.34524	11.57407
566.40625	-2.34853	9.24562	0.56797	2.19271
570.31250	-8.31139	7.23102	-1.12261	-11.73489
574.21875	-6.88527	6.42527	-3.81611	-7.48219
578.12500	-2.65064	7.63411	-5.66647	2.30385
582.03125	2.63991	6.02248	-6.89165	1.22991
585.93750	-0.76212	6.02257	-3.03778	-4.83876
589.84375	-8.05634	5.61969	-1.93091	1.57967
593.75000	-6.15395	1.99347	-1.82426	1.17384
597.65625	-7.38828	1.18771	-0.03888	-4.30031
601.56250	-3.26398	4.00844	-0.02868	0.93061
605.46875	-2.37700	1.59102	0.61025	-0.17819
609.37500	3.88946	-1.63227	-0.31846	-1.59216
613.28125	4.63276	1.99428	-2.65208	1.38476
617.18750	-10.12881	2.80024	-4.48740	-0.04752
621.09375	2.12052	1.18866	-4.85372	-2.62312
625.00000	11.34114	2.80061	-4.60546	3.67819
628.90625	5.36706	0.38318	-5.14948	14.60898
632.81250	10.16438	0.78623	-1.86651	18.13581
636.71875	16.12160	4.00982	-0.07370	8.21554
640.62500	13.55173	3.20403	-1.62310	3.86316
644.53125	8.96345	0.38360	-2.16521	8.33635
648.43750	9.27335	2.39841	-0.30680	9.88738
652.34375	15.27900	4.41316	-0.67594	5.49622
656.25000	22.20446	4.41325	-2.10881	1.95830
660.15625	9.67121	3.60753	-1.21644	5.07759
664.06250	-3.86993	0.38419	0.67749	1.70422
667.96875	-5.74405	-0.82447	0.91233	-1.25303
671.87500	-13.06073	-2.03312	-0.69205	-4.29558
675.78125	-18.47388	-3.64465	-2.53381	-7.53162
679.68750	-16.37329	-1.62975	-2.42477	-4.21721
683.59375	-13.05685	1.19093	-1.71850	-4.13441
687.50000	-12.28301	1.19100	-2.29762	-12.36795
691.40625	-8.36830	1.99700	-3.92872	-10.02797
695.31250	-3.16692	2.80296	-6.18331	-0.50613
699.21875	3.50983	1.59423	-3.23374	-4.68062
703.12500	4.77006	1.19137	-4.51874	-7.17001
707.03125	-0.67199	1.19147	-6.71391	-2.50937
710.93750	-4.89010	1.59451	-2.73011	1.19428
714.84375	-3.99897	2.40050	-0.96866	-4.35996
718.75000	6.46052	5.62403	-1.22537	-5.17594
722.65625	2.46614	4.41529	-1.67968	2.26353
726.56250	4.10943	4.81837	-2.66652	-3.51298
730.46875	9.86819	8.04193	-1.52850	-7.69729
734.37500	-0.82318	7.23610	-0.18655	1.46125
738.28125	-5.91251	6.02744	0.77963	1.14868
742.18750	3.39870	0.78943	0.35140	-3.23650
746.09375	4.47958	-0.01637	0.97980	1.13736
750.00000	0.85453	1.99845	1.28826	2.78564
753.90625	4.74972	1.19265	-1.01565	7.69549
757.81250	9.90459	0.78984	-2.85933	11.47591
761.71875	6.75920	1.19280	-2.05205	6.54715
765.62500	1.24541	0.38701	0.19532	11.83982
769.53125	3.12764	1.99890	2.49678	8.86984
773.43750	3.45410	5.22240	5.81205	10.31782
777.34375	-1.69450	5.22252	5.98992	9.69152
781.25000	2.87442	2.40217	2.39142	5.01836
785.15625	8.50938	0.79059	2.23221	8.44311
789.06250	8.63140	1.19357	2.09692	0.48119
792.96875	15.43787	1.19359	0.15015	-3.15840
796.87500	4.01302	0.38776	2.34573	0.23107
800.78125	-2.21549	1.59656	-1.62963	2.24798
804.68750	13.77982	3.20823	-4.99778	6.25300
808.59375	12.93603	1.99946	4.11816	6.62867
812.50000	4.43913	1.59647	5.77252	4.74285
816.40625	-0.37362	-0.01527	1.92334	10.09512
820.31250	0.35103	1.99947	-0.81849	13.54675
824.21875	1.34243	3.61119	-0.54267	14.12949
828.12500	-2.95568	1.99954	0.23500	12.79263
832.03125	-2.29809	3.20831	0.63791	12.23475
835.93750	-6.43678	1.99964	1.44367	11.47716
839.84375	-1.92156	3.61138	-1.37694	0.66288
843.75000	4.14743	7.64074	-2.98876	0.66701
847.65625	0.98054	6.83492	-1.37710	0.06219
851.56250	-0.48693	2.80564	-0.16836	-1.96959
855.46875	-7.69064	-1.62657	-0.57137	1.97860
859.37500	-3.36122	-0.01483	-1.78027	0.20669
863.28125	-3.34827	1.99991	2.24895	-5.18104
867.18750	-0.29357	-0.41764	3.05481	-0.55788
871.09375	15.82842	-1.62637	0.23418	1.98949
875.00000	8.35318	-1.22334	0.63705	-2.28319
878.90625	-5.62396	-1.22322	-0.57183	-2.69951
882.81250	-1.15619	-0.41729	-0.57193	4.26198
886.71875	2.08867	-0.01433	0.63675	-2.36749
890.62500	-5.72808	-1.62599	2.24836	0.74437
894.53125	-7.86412	-3.64055	2.65123	1.51777
898.43750	-11.53400	-6.86391	3.85993	-13.69508
902.34375	-23.12702	-8.87854	4.66568	-12.51015
906.25000	-22.89872	-7.66970	1.44209	-5.37192
910.15625	-15.59284	-8.87846	-0.16973	2.35336
914.06250	-17.66008	-8.47539	5.47115	2.50622
917.96875	-18.27445	-7.66951	6.67981	-4.17016
921.87500	-9.22855	-6.05775	3.45623	-7.55245
925.78125	0.09237	-2.43132	3.05324	4.12359
929.68750	1.14707	-2.43128	2.24723	6.41391
933.59375	-3.30269	-1.22245	1.44121	-2.53589
937.50000	-1.26873	-0.41657	3.85865	-0.31148
941.40625	1.04774	-2.02826	3.05270	0.59841
945.31250	-3.48072	-3.23692	3.85842	1.13330
949.21875	-3.05034	-4.04281	5.06712	-2.38520
953.12500	-1.45543	-1.22228	5.46991	-4.73889
957.03125	-7.25833	-1.62524	4.66397	-2.11440
960.93750	-3.18145	-4.44576	3.45504	-2.56448
964.84375	-0.98160	-2.83408	3.05202	2.17226
968.75000	0.82994	-1.22233	2.64894	-0.67585
972.65625	1.58500	-4.04288	0.23124	-1.68182
976.56250	-7.23354	-2.43113	-0.57472	-2.32337
980.46875	-2.57983	5.22450	-0.97780	-8.58212
984.37500	-6.11162	4.41863	-3.79842	-5.65905
988.28125	-14.60826	-0.41652	-4.20145	-8.60711
992.18750	-7.87680	-1.62532	-3.39568	-9.88144
996.09375	-2.40347	-4.04289	-1.78409	-1.33634
1000.00000	-1.18081	-6.05751	0.23048	4.30367
1003.90625	-1.54700	-3.23689	-1.38129	3.01951
1007.81250	-6.24863	-0.01349	-1.78431	2.02385
1011.71875	-4.85540	-0.81936	-7.82837	1.69132
1015.62500	-0.42421	0.79240	-10.64900	5.28349
1019.53125	3.83120	3.61291	-2.18756	2.64964
1023.43750	1.82964	3.21000	-2.99359	-2.01691
1027.34375	-3.10034	2.40421	0.63268	-2.63288
1031.25000	-5.86659	0.79255	3.45313	-2.01612
1035.15625	3.94351	0.79260	-0.57621	0.61859
1039.06250	14.06502	0.38964	-2.99391	4.99212
1042.96875	12.47729	1.59848	-3.39686	7.03026
1046.87500	15.79123	4.01611	-5.81452	-1.62807
1050.78125	8.43499	1.59847	-6.21763	-2.87019
1054.68750	7.07414	2.40429	-5.41187	6.43155
1058.59375	9.36934	3.21013	-5.81487	6.49636
1062.50000	2.58845	-0.01335	-5.00903	9.60606
1066.40625	6.90874	-1.62509	-0.17380	13.49354
1070.31250	17.09981	1.59831	1.43793	13.63395
1074.21875	11.78933	-0.41639	0.63213	11.04083
1078.12500	5.45505	-7.66919	6.67609	3.94011
1082.03125	-4.87381	-9.28092	8.28781	4.90047
1085.93750	-8.79462	-8.07208	4.66150	11.29865
1089.84375	4.01530	-6.46032	7.48205	12.03925
1093.75000	7.21276	-7.26618	12.31729	10.01998
1097.65625	13.19923	-6.05735	13.12316	22.30928
1101.56250	9.02472	-2.43092	11.91434	23.53470
1105.46875	3.33378	-0.01332	5.87037	8.70685
1109.37500	9.47977	3.21013	0.22925	8.06074
1113.28125	13.89852	8.04534	-1.38250	13.04519
1117.18750	9.23154	4.41897	-2.99433	0.76609
1121.09375	4.79401	0.38968	-3.80030	-0.97550
1125.00000	3.40437	0.38964	-1.38275	5.71472
1128.90625	1.66692	-1.22211	-0.17403	6.93695
1132.81250	6.06334	-0.81924	1.03462	13.67511
1136.71875	7.65343	-2.83389	3.85506	9.42555
1140.62500	8.21732	-2.02802	5.06374	2.68748
1144.53125	8.74137	-1.22213	3.45185	-0.50337
1148.43750	12.81396	-2.83396	4.25754	-5.83991
1152.34375	14.33341	-2.02817	4.66036	3.45144
1156.25000	4.83744	-4.44574	2.24263	5.58066
1160.15625	4.78402	-7.66924	1.43659	9.13752
1164.06250	8.46272	-4.44577	0.63057	12.20831
1167.96875	3.83889	-4.44575	-0.17541	11.22923
1171.87500	8.89550	-4.04284	0.22736	21.46155
1175.78125	4.00677	-2.02818	-1.78745	24.29128
1179.68750	-5.91249	-4.44569	-3.80231	16.76306
1183.59375	-16.37144	-4.44564	-8.23474	12.01348
1187.50000	-25.65812	-4.44558	-7.42892	7.37176
1191.40625	-20.72184	-5.65433	-2.99693	-2.80509
1195.31250	-19.41695	-4.04259	-2.99713	-6.15995
1199.21875	-17.42984	-4.04258	-4.60900	-13.52011
1203.12500	-10.56324	-3.23665	-4.60923	-10.36001
1207.03125	-2.74566	-1.22194	-0.98313	-5.32824
1210.93750	6.87713	-0.81901	0.62844	2.77810
1214.84375	5.48321	-1.62481	1.43410	6.50338
1218.75000	12.13323	-4.04236	4.65737	6.53148
1222.65625	11.78098	-4.04232	5.46302	16.40242
1226.56250	8.51168	-5.25102	5.46286	8.17993
1230.46875	6.67851	-7.26564	7.07445	-4.09571
1234.37500	5.37516	-8.07142	6.26835	0.23438
1238.28125	6.61909	-10.89183	5.86527	4.39163
1242.18750	6.73753	-11.69765	1.83581	-4.80976
1246.09375	4.08467	-9.68295	-4.20833	-6.90749
1250.00000	-2.37616	-8.07119	-7.43194	-5.29440
1253.90625	-3.21893	-9.68279	-11.05852	1.22832
1257.81250	3.90013	-9.68277	-5.82055	5.04495
1261.71875	-3.53730	-6.05645	-3.40306	8.60122
1265.62500	-14.01276	-5.65345	-6.22384	11.05325
1269.53125	-6.98637	-6.45925	-7.83575	5.62882
1273.43750	-4.17903	-5.65330	-3.00072	8.68408
1277.34375	-10.12834	-8.07088	-1.79210	12.12098
1281.25000	-7.76519	-8.87676	-4.61283	13.92231
1285.15625	-5.48763	-6.45919	-5.41896	14.51137
1289.06250	-3.92436	-5.65331	-4.21038	5.30307
1292.96875	2.09551	-4.04157	-5.01649	-3.58450
1296.87500	1.19909	-1.62394	-5.82254	-0.96965
1300.78125	6.13743	-3.23560	-7.43440	-7.38299
1304.68750	9.51258	-3.63856	-9.85218	-11.44643
1308.59375	4.79947	-0.01217	-12.26991	-10.30237
1312.50000	10.77402	-0.81799	-14.68767	-14.62084
1316.40625	11.69128	-2.83261	-15.49382	-9.24093
1320.31250	6.33491	-2.83259	-13.47933	0.69175
1324.21875	-4.06957	-4.44426	-8.64426	-1.55048
1328.12500	-5.79470	-8.07064	-9.45032	-6.13507
1332.03125	6.54803	-9.27940	-1.39190	-3.06632
1335.93750	10.46810	-9.27939	9.89001	-2.61487
1339.84375	12.96871	-11.29409	8.68107	-1.34109
1343.75000	6.14413	-11.29413	8.68093	8.33350
1347.65625	-9.91647	-8.87656	6.26315	11.35513
1351.56250	-14.20431	-10.08543	4.65130	9.72646
1355.46875	-7.30530	-12.90599	3.03944	-0.42749
1359.37500	-11.03437	-12.10014	-0.58717	0.62133
1363.28125	-15.85651	-10.89137	-3.81085	7.32172
1367.18750	-6.75764	-9.27969	-5.42276	5.09515
1371.09375	-3.12649	-10.89138	-6.63178	8.04556
1375.00000	-2.14016	-9.68259	-11.06427	6.99639
1378.90625	0.40269	-4.84744	-9.04988	10.60933
1382.81250	2.04982	-4.04162	-6.63244	11.92985
1386.71875	0.86242	-5.65335	-3.00623	4.49460
1390.62500	2.71594	-6.86218	-0.99174	0.75675
1394.53125	6.62388	-4.84758	-0.58895	2.73907
1398.43750	4.16274	-6.86229	3.03727	4.85246
1402.34375	-0.58036	-10.48870	2.63411	-2.42392
1406.25000	1.25968	-10.89168	1.82807	-3.34408
1410.15625	2.92459	-10.08588	1.42491	3.17263
1414.06250	5.28978	-9.68292	-0.58990	0.90825
1417.96875	2.66079	-8.47413	-4.21643	3.09654
1421.87500	2.84213	-8.07133	-4.61952	8.17604
1425.78125	6.11912	-8.47423	-7.84316	7.36144
1429.68750	5.56218	-8.87727	-13.08145	4.81684
1433.59375	1.51558	-9.28027	-4.21713	7.55222
1437.50000	-9.34402	-11.29499	1.02077	2.52414
1441.40625	-21.93598	-14.51847	1.82649	-9.05679
1445.31250	-22.83800	-15.32435	0.61751	-3.68678
1449.21875	-14.75179	-14.92140	2.22903	-6.39938
1453.12500	-8.32166	-14.11564	7.46698	-7.14130
1457.03125	-0.82773	-13.30983	5.85511	9.18283
1460.93750	0.02597	-14.51870	2.22853	6.31528
1464.84375	4.64354	-12.50408	-1.80090	4.20252
1468.75000	12.09625	-8.47476	-0.18929	16.26306
1472.65625	12.85150	-6.46029	2.22811	20.09245
1476.56250	14.50940	-4.44570	1.01914	11.79549
1480.46875	23.99853	-2.83406	-4.21910	18.02774
1484.37500	18.45224	-0.41650	-4.21929	18.93627
1488.28125	0.68838	-3.23701	0.21273	-2.14345
1492.18750	5.00235	-7.66931	-0.59326	-7.44689
1496.09375	-12.08836	-8.47518	-2.60809	-18.64525
1500.00000	-20.53584	-9.28118	-4.21996	-23.88401
1503.90625	-22.51354	-6.46070	-5.02605	-27.98863
1507.81250	-33.25891	-9.68418	-5.02623	-32.20756
1511.71875	-28.64196	-14.51945	-5.02639	-28.91338
1515.62500	-32.26910	-6.86383	-3.41478	-32.17076
1519.53125	-19.55192	-4.84922	-5.02670	-30.37212
1523.43750	-10.27137	-7.66975	-6.23569	-15.29493
1527.34375	-5.93378	-5.65513	-3.41527	-1.40530
1531.25000	2.98499	-6.05813	-7.84771	-0.78860
1535.15625	1.91600	-8.07280	-6.23622	-8.22699
1539.06250	-3.67665	-5.65520	3.03106	-9.89729
1542.96875	-9.69655	-6.05820	4.64254	-3.02389
1546.87500	-15.24704	-12.10217	3.83646	6.85257
1550.78125	-11.72392	-12.10221	0.20988	5.20773
1554.68750	-9.45796	-10.89343	-1.80492	8.86865
1558.59375	-11.59457	-10.89347	-1.40215	14.57492
1562.50000	-5.88405	-9.68471	-1.40229	14.46173
1566.40625	-5.99551	-7.26724	-2.61121	11.90286
1570.31250	2.18148	-7.67016	-3.82016	13.25280
1574.21875	0.90099	-7.67018	-5.02914	9.85451
1578.12500	-2.61200	-6.86434	-8.25276	-0.46886
1582.03125	-4.47855	-8.87904	-11.07344	0.89521
1585.93750	-9.60735	-9.68492	-1.40331	4.47355
1589.84375	7.63551	-8.47613	1.81994	3.20026
1593.75000	18.48931	-6.46158	1.81972	5.61403
1597.65625	23.67061	-4.44698	4.23702	12.26297
1601.56250	36.01692	-4.85002	3.83391	13.89203
1605.46875	37.17642	-6.46178	2.62491	7.12346
1609.37500	27.60876	-4.85014	-0.59872	2.04580
1613.28125	15.10479	-4.85019	-3.82236	0.18100
1617.18750	3.99127	-4.85024	-7.04599	-2.02432
1621.09375	7.61275	-2.43270	-12.28429	-6.18313
1625.00000	14.28198	-1.62690	-11.47865	0.10442
1628.90625	9.72423	-3.64166	-5.43482	0.52112
1632.81250	5.25637	-6.86521	-5.03208	2.02151
1636.71875	6.44369	-5.65648	-1.80883	11.47178
1640.62500	9.02241	-7.26833	1.41440	11.58358
1644.53125	6.32323	-11.29770	2.62301	14.03385
1648.43750	1.93445	-10.49188	4.63744	19.57655
1652.34375	-3.39573	-9.68608	3.02551	12.34778
1656.25000	3.22562	-7.26862	-1.80993	8.43309
1660.15625	3.17233	-8.47741	-5.03360	10.37837
1664.06250	-12.48961	-8.07463	-4.63085	-0.25052
1667.96875	-7.84593	-7.67177	-4.63105	-4.05018
1671.87500	-1.58053	-7.26892	-3.42242	2.55571
1675.78125	-0.82827	-1.22498	-3.01970	-2.67317
1679.68750	-2.68893	0.78957	-0.60226	-4.96323
1683.59375	2.56642	-2.03106	2.62102	7.61329
1687.50000	3.75565	-2.43397	-0.60255	9.41837
1691.40625	6.27420	-4.85163	-1.40858	-0.35566
1695.31250	12.41430	-6.46344	3.42639	-3.30771
1699.21875	7.14840	-3.24004	-0.60307	0.21113
1703.12500	4.74734	-3.64310	0.60558	6.99742
1707.03125	8.93808	-3.64322	8.66399	8.40259
1710.93750	9.29310	-0.01697	6.64912	4.82364
1714.84375	11.92832	1.19176	4.23132	10.16048
1718.75000	6.89317	-2.83761	-0.60402	5.75614
1722.65625	3.72026	-5.65813	-2.61888	7.56821
1726.56250	7.30055	-3.64353	-1.41028	9.41870
1730.46875	11.10811	-1.62894	-0.20169	5.60439
1734.37500	13.43091	-1.22607	2.21565	8.32262
1738.28125	19.50987	-3.64373	4.23006	14.49435
1742.18750	20.03087	-4.44962	4.22986	16.17195
1746.09375	12.13969	-5.65848	5.03555	10.44773
1750.00000	9.30519	-5.65854	5.03532	14.07526
1753.90625	9.67104	-3.24103	3.42335	12.94212
1757.81250	6.71667	-6.06170	3.42313	11.11748
1761.71875	8.94956	-8.47924	-0.20344	16.68829
1765.62500	7.74142	-9.28524	3.01982	14.70808
1769.53125	-0.54359	-10.89701	9.46646	4.44836
1773.43750	10.32231	-8.07655	5.43696	7.10054
1777.34375	14.04329	-5.65896	4.22796	14.56661
1781.25000	-4.14308	-8.88246	3.82483	9.11498
1785.15625	-7.10355	-10.09128	5.03338	7.28633
1789.06250	-2.31696	-4.04732	6.64485	6.53936
1792.96875	-4.35600	-2.83851	5.03289	2.88956
1796.87500	-2.02926	-8.07663	3.82381	1.07179
1800.78125	-11.99956	-10.49419	2.61470	1.50799
1804.68750	-11.04215	-9.68828	1.80853	-0.94408
1808.59375	-0.44416	-8.47938	0.59935	-1.41213
1812.50000	2.70972	-7.27060	-0.20692	3.93935
1816.40625	10.07386	-7.27044	0.19561	2.06621
1820.31250	6.32914	-8.47898	-1.01361	4.74572
1824.21875	-4.07539	-7.67312	-1.81987	12.17349
1828.12500	-0.96539	-4.85253	-1.01445	8.39442
1832.03125	-0.30782	-5.25532	-1.01491	7.43342
1835.93750	0.79153	-6.86698	-0.20946	5.86972
1839.84375	1.68034	-4.44929	-0.61280	2.30787
1843.75000	4.52594	-5.25503	0.19267	-3.32922
1847.65625	4.58263	-5.65783	-1.41940	-5.94886
1851.56250	3.11536	-5.65773	-3.03148	0.48085
1855.46875	10.41741	-4.04597	-9.07578	2.81738
1859.37500	6.68834	-2.43416	-5.44969	1.04554
1863.28125	7.91023	-4.04583	4.22032	8.55169
1867.18750	6.53296	-5.65747	2.60836	8.74277
1871.09375	1.70260	-6.46327	1.39930	4.44048
1875.00000	2.28590	-7.26912	0.99606	10.64421
1878.90625	-3.22976	-4.85147	-1.01886	9.01914
1882.81250	1.23813	-4.44837	-0.61606	4.29575
1886.71875	8.51239	-8.88055	0.18958	3.71038
1890.62500	7.54542	-10.08942	-1.01949	3.19581
1894.53125	7.82700	-9.68656	-0.61679	5.17806
1898.43750	7.38057	-10.49247	0.59168	10.11182
1902.34375	-2.19775	-8.47777	0.59131	4.84990
1906.25000	-3.17817	-4.85142	-0.61782	-4.93489
1910.15625	3.72491	-5.65721	-0.61811	-0.83581
1914.06250	-1.56555	-5.65722	-3.03598	3.74946
1917.96875	0.23781	-3.64264	-6.25968	-4.13549
1921.87500	-4.01286	-2.43392	0.58996	-3.48814
1925.78125	-10.00319	-3.23983	2.20147	-5.10851
1929.68750	-2.09846	-2.83699	-3.43973	-15.30875
1933.59375	-4.13042	-3.23994	-5.05174	-12.97618
1937.50000	-7.73731	-1.62830	-3.03726	-3.90157
1941.40625	-9.04709	-0.01666	-2.63444	0.23209
1945.31250	-12.76967	-2.83728	-4.24632	-2.45635
1949.21875	-7.10103	-2.43444	-6.26121	-7.18349
1953.12500	-0.67083	0.78896	-6.26142	-4.70194
1957.03125	-5.66784	-0.01705	-3.03818	-2.88325
1960.93750	-6.02306	-0.42007	-1.42666	-4.94499
1964.84375	-4.62892	-0.82312	-0.21809	-6.65493
1968.75000	4.83836	-1.22607	-4.24763	0.16745
1972.65625	-7.70328	-2.03201	-3.03910	5.60851
1976.56250	-12.89549	-0.82328	0.98997	1.74373
1980.46875	-0.98902	3.20596	-4.24826	-0.48551
1984.37500	-8.14719	1.99716	-6.26312	3.24357
1988.28125	-15.83809	-1.22644	-5.45742	-2.92773
1992.18750	-11.12142	0.38511	-5.05473	-11.05179
1996.09375	-2.42463	0.38499	-6.26376	-12.17699
2000.00000	1.21563	-1.22684	-9.89031	-12.98360
2003.90625	1.25251	-0.42111	-9.48757	-8.22364
2007.81250	2.59501	0.78755	-6.26434	-5.59279
2011.71875	9.22651	1.59327	-5.05573	-5.92500
2015.62500	8.01697	-0.01852	-8.27940	-5.15297
2019.53125	1.79646	0.38437	-6.66789	-6.57772
2023.43750	-9.06945	0.38431	-1.83294	-8.42357
2027.34375	-17.62568	-1.22743	-1.43022	-5.81591
2031.25000	-14.34788	-2.83921	0.98711	3.26237
2035.15625	-10.58162	-4.85388	1.79281	0.65912
2039.06250	-10.13031	-4.04807	0.98670	-4.23458
2042.96875	-3.25641	-3.64523	-1.43112	1.42994
2046.87500	1.26644	-4.04826	-4.65483	-6.01957
2050.78125	3.17786	-0.82490	-3.84920	-11.29067
2054.68750	3.02621	1.18966	-0.62588	-6.42071
2058.59375	-5.15427	0.38370	-1.83480	-3.93765
2062.50000	-4.68186	3.60707	-6.26715	2.39627
2066.40625	1.65353	4.41280	-6.67016	1.04636
2070.31250	4.59234	4.41270	-5.05865	-12.10910
2074.21875	-3.94089	3.60676	-8.28227	-18.32776
2078.12500	-10.67734	0.78607	-14.72932	-14.14550
2082.03125	-10.52934	0.78593	-10.70019	-10.36382
2085.93750	-12.83772	0.78592	-6.26813	-11.62046
2089.84375	-11.71204	-1.63174	-7.87999	-11.68475
2093.75000	-6.90217	-2.03482	-8.28311	-9.27086
2097.65625	-4.13861	-0.02034	-8.28330	-9.87439
2101.56250	0.95481	4.41167	-7.07470	-6.23052
2105.46875	5.33772	4.41146	-6.26908	1.90948
2109.37500	6.24605	-0.42385	-4.65758	2.87584
2113.28125	9.45623	0.38184	-9.89593	-1.80940
2117.18750	6.40119	3.20220	-13.52250	0.01471
2121.09375	5.59031	3.60509	-6.26996	3.10870
2125.00000	2.58921	2.39624	-4.65839	-3.49744
2128.90625	6.49297	2.79905	-5.06153	-5.49822
2132.81250	10.48659	5.21649	-7.07633	6.47839
2136.71875	6.03269	4.41052	-9.09116	-0.99438
2140.62500	6.99945	1.99282	-1.83857	-12.16452
2144.53125	11.14991	1.18676	2.19054	-4.07317
2148.43750	11.59620	-0.82803	0.17566	1.87251
2152.34375	11.90698	-1.23100	-1.43619	3.50835
2156.25000	-2.82694	-1.63400	-1.83927	6.84660
2160.15625	-3.28320	-5.26048	-3.45117	2.74779
2164.06250	1.20124	-5.26064	-5.46607	1.78918
2167.96875	-3.01980	-4.05206	-6.67509	2.01885
2171.87500	2.03660	-3.64933	-5.86946	7.01296
2175.78125	6.81791	-1.63487	-2.64622	10.24547
2179.68750	8.18044	-0.42627	-6.67568	8.76117
2183.59375	15.45029	0.37940	-6.27297	16.50236
2187.50000	17.04237	0.78220	0.97960	25.15725
2191.40625	18.35198	-0.42672	0.97938	16.59200
2195.31250	22.07421	-4.45609	2.59087	7.99894
2199.21875	11.97317	-6.06793	2.99364	8.69740
2203.12500	8.36328	-7.67976	1.38168	1.78412
2207.03125	6.10713	-10.50044	-1.03615	-3.25755
2210.93750	4.85037	-4.05374	-3.05101	-8.04528
2214.84375	1.44145	-2.44211	-2.24531	-8.34950
2218.75000	-4.80263	-6.06868	-4.66311	-2.68058
2222.65625	2.09757	-5.26297	-6.67794	-4.49477
2226.56250	3.26000	-3.65145	-7.08108	-7.07654
2230.46875	-2.19996	-2.03994	-6.67836	-5.24982
2234.37500	-4.71238	-4.05473	-5.46977	-3.74046
2238.28125	-5.48329	-4.45775	-3.85828	-4.82137
2242.18750	-10.60323	-3.65203	-1.84383	3.70614
2246.09375	-11.64457	-3.24920	-3.05285	8.45818
2250.00000	-3.19699	-2.44348	-1.44132	8.86241
2253.90625	-5.24864	-3.24944	2.99073	12.56464
2257.81250	-2.15908	-2.44383	1.37873	12.75490
2261.71875	1.68548	-3.24988	-4.66540	18.72878
2265.62500	6.52131	-3.25009	-3.85979	11.51060
2269.53125	15.96512	-3.65326	4.60157	7.29493
2273.43750	14.34006	-4.05636	3.39253	7.12664
2277.34375	14.03179	-2.44472	-1.44289	-3.94185
2281.25000	15.18623	-5.66826	-3.05481	-4.55801
2285.15625	12.62867	-6.47432	-4.66665	-0.34253
2289.06250	5.32727	-2.04231	-4.66681	-3.10414
2292.96875	4.49699	-2.04250	-0.63767	2.51362
2296.87500	10.44997	-0.43095	-1.84658	6.73989
2300.78125	10.14983	4.40397	-3.86133	5.16148
2304.68750	0.22782	6.41835	-0.23502	7.94752
2308.59375	-4.88882	6.41804	1.77952	9.49410
2312.50000	-2.54112	7.22361	2.58524	13.23382
2316.40625	-7.26529	10.44675	-0.23535	13.37529
2320.31250	-6.98116	8.83474	-6.68230	11.62251
2324.21875	-1.26877	5.61097	-5.87647	10.99170
2328.12500	-13.47048	2.79013	-3.86184	10.03319
2332.03125	-18.05127	-2.85121	-8.69696	8.26649
2335.93750	-10.10241	-3.25439	-7.89112	1.06193
2339.84375	-8.00497	-2.04602	-4.66767	-2.49972
2343.75000	1.69017	-6.47859	-5.07066	2.33951
2347.65625	4.16396	-5.67305	-5.07068	3.74924
2351.56250	14.78412	1.17644	-8.29416	-4.32648
2355.46875	13.62413	1.57908	-9.50295	-10.85426
2359.37500	1.83599	1.17585	-4.26490	-1.34411
2363.28125	8.29555	2.38442	-0.23569	3.74437
2367.18750	10.14128	-0.03341	-1.44462	-6.94364
2371.09375	6.11658	4.80151	-4.26523	-14.06646
2375.00000	-0.55297	7.62175	-7.08587	-17.13021
2378.90625	0.78105	6.00982	-6.68307	-17.94940
2382.81250	9.27790	8.83010	-7.08615	-5.74972
2386.71875	9.70209	11.65036	-9.90675	4.14099
2390.62500	7.92906	10.84431	-9.90691	3.62648
2394.53125	8.61337	6.41191	-9.90712	1.98231
2398.43750	9.77848	8.82929	-10.31032	4.09545
2402.34375	0.20012	7.21732	-8.29592	3.66877
2406.25000	-3.19800	1.97915	-9.50493	-0.47490
2410.15625	-2.74192	1.57604	-10.71397	-4.43434
2414.06250	-16.09100	-0.03586	-10.31129	-5.08713
2417.96875	-15.89948	0.76987	-9.10275	-3.30171
2421.87500	-12.89748	-2.85667	-8.29719	-0.63966
2425.78125	-10.82919	-5.67727	-6.68574	4.18700
2429.68750	-11.38595	-4.46855	-4.67139	0.03096
2433.59375	-15.83541	-3.25984	-1.85126	-6.50076
2437.50000	-3.32484	-2.85703	1.77477	0.96231
2441.40625	7.05063	-4.46885	-1.04619	2.27562
2445.31250	2.11959	-0.84269	-1.04657	3.61684
2449.21875	6.98262	1.17181	2.17653	2.91940
2453.12500	-3.10709	-0.03718	2.57912	-3.06014
2457.03125	-12.93889	1.97737	2.57875	2.38531
2460.93750	-3.62357	5.60356	1.36958	6.77085
2464.84375	-4.24395	4.79756	0.96630	1.83775
2468.75000	1.59722	5.20029	1.36889	1.40762
2472.65625	8.79946	7.21474	2.98031	12.08709
2476.56250	1.59292	4.39407	2.17409	14.26657
2480.46875	-3.02040	-0.03829	-0.64672	4.38178
2484.37500	-0.50792	-4.47057	-1.04999	9.31991
2488.28125	7.51583	-4.47068	-0.24436	5.96921
2492.18750	4.57712	-5.67960	0.56123	-6.18396
2496.09375	3.20076	-6.08268	0.15798	-10.93549
2500.00000	5.22936	-1.24758	-3.06574	-12.14517
2503.90625	10.50432	1.97581	-5.08066	-16.24979
2507.81250	3.38525	3.18448	-7.09554	-23.28934
2511.71875	5.98740	7.21371	-8.30456	-14.35429
2515.62500	2.36017	12.45172	-12.33407	-13.17946
2519.53125	-9.09849	16.07806	-14.75183	-21.05119
2523.43750	-4.25020	17.68974	-14.75202	-13.22681
2527.34375	-5.55380	17.68970	-15.55811	-8.60454
2531.25000	-3.48487	16.07791	-14.75242	-4.36142
2535.15625	-5.76275	12.85441	-11.52926	1.09388
2539.06250	-4.90859	10.83972	-7.90315	-0.57650
2542.96875	2.36817	9.22796	-5.88872	2.26761
2546.87500	2.86172	7.21319	-1.85967	7.30891
2550.78125	-6.91178	4.39265	3.37813	10.49925
2554.68750	-10.28701	1.57210	7.40713	6.10165
2558.59375	-4.76811	-0.44260	11.03324	7.77845
2562.50000	12.22415	0.76614	11.03298	10.48546
2566.40625	17.35056	1.57190	7.00343	15.17916
2570.31250	14.24527	4.39234	4.58559	16.93187
2574.21875	23.84360	10.03331	2.97364	10.71292
2578.12500	23.15083	8.82434	-4.27933	4.82178
2582.03125	11.21071	7.61541	-7.10002	2.96235
2585.93750	0.44049	7.61524	-6.69728	-8.36769
2589.84375	-2.46352	5.19745	-7.90628	-18.10247
2593.75000	-4.10078	5.19732	-7.90644	-17.30040
2597.65625	-5.76962	5.60016	-5.89195	-12.66608
2601.56250	3.75589	8.01764	-5.89216	-12.64870
2605.46875	9.34730	9.22626	-5.48948	-14.17915
2609.37500	7.83793	7.21142	-0.65458	-13.21295
2613.28125	11.45105	5.19660	2.56863	-12.66020
2617.18750	7.18720	0.76422	3.77720	-10.43328
2621.09375	3.95872	0.36114	1.35940	-2.90714
2625.00000	1.36052	1.16683	2.56799	-0.24590
2628.90625	0.42909	0.36077	3.77652	5.00588
2632.81250	10.46664	-0.04228	2.97043	12.55014
2636.71875	11.25089	0.76354	4.17889	21.19438
2640.62500	13.82935	0.36048	6.59625	25.73843
2644.53125	11.12998	-1.25135	8.61069	19.72716
2648.43750	-5.74975	-3.26611	9.41628	15.19664
2652.34375	-10.27405	-4.47503	6.99846	8.37087
2656.25000	-8.08510	-5.28103	3.37179	0.42693
2660.15625	-10.15311	-4.87825	0.95392	-0.85129
2664.06250	-8.48919	-3.26659	-0.25509	5.84588
2667.96875	-11.50146	-0.44623	-3.07589	0.83740
2671.87500	-17.72707	2.37415	-4.28490	-3.83879
2675.78125	-12.13990	4.38868	-4.68809	-4.23268
2679.68750	-10.37435	8.82076	-1.46490	-6.52281
2683.59375	-13.98346	10.43232	-0.25630	-6.43721
2687.50000	-8.36200	10.43216	-2.27116	-7.85558
2691.40625	4.22974	11.64072	0.14614	-11.58578
2695.31250	5.53457	9.62587	3.36938	-16.95551
2699.21875	9.13317	6.80515	3.77206	-20.28648
2703.12500	8.34383	6.40200	4.17467	-16.72362
2707.03125	12.13166	2.37250	3.77148	-12.49795
2710.93750	12.08365	-1.65700	0.14479	-15.27108
2714.84375	3.03368	-2.06013	0.95036	-7.11372
2718.75000	6.05699	-4.88085	4.57648	-6.68289
2722.65625	-3.56286	-9.31332	4.97914	-17.76456
2726.56250	-13.68218	-9.71637	8.20226	-11.07880
2730.46875	-7.45694	-9.71652	7.39615	-6.43146
2734.37500	-3.92527	-8.91088	2.56077	-1.69857
2738.28125	0.13897	-8.50809	8.60448	9.71132
2742.18750	-0.54864	-8.10537	14.24524	22.26794
2746.09375	-4.81339	-4.47904	13.84204	22.58759
2750.00000	-6.43921	-4.88216	11.42415	14.12728
2753.90625	-6.07334	-6.49403	7.79752	9.36780
2757.81250	-6.61009	-3.67370	5.37962	6.73743
2761.71875	-6.39191	-2.86801	8.60280	12.30833
2765.62500	1.26443	-0.85359	12.63179	15.56615
2769.53125	1.03795	0.35499	9.81098	14.57385
2773.43750	-5.42237	-1.65986	11.01952	18.43476
2777.34375	-9.35718	-2.86886	12.22808	11.79828
2781.25000	-13.03816	-6.49542	12.22783	5.54089
2785.15625	-18.41628	-8.10739	13.43629	4.11525
2789.06250	-12.82386	-6.09299	10.61553	-11.13714
2792.96875	-8.01297	-6.49612	7.79478	-15.99547
2796.87500	-3.26862	-7.30222	5.37689	-8.54551
2800.78125	1.66953	-6.09359	-3.48778	-9.72081
2804.68750	-0.59661	-3.67627	-3.89099	-9.35218
2808.59375	5.97199	-2.87072	4.57024	-11.83466
2812.50000	8.72284	-2.06514	3.36109	-13.73573
2816.40625	6.81945	-0.85653	0.94318	-0.29735
2820.31250	13.14792	1.15796	2.95765	-0.84103
2824.21875	9.59323	1.56070	4.16614	-10.73892
2828.12500	-1.39941	-4.48344	2.95715	-5.25022
2832.03125	-2.75645	-8.91587	1.34510	2.65359
2835.93750	-11.32724	-8.51305	2.55362	1.49320
2839.84375	-17.69116	-6.90160	4.97094	-4.88879
2843.75000	-16.86020	-6.49886	4.16475	2.77116
2847.65625	-10.75976	-5.29023	3.35861	4.58404
2851.56250	-8.19788	-1.26110	2.55244	2.95532
2855.46875	3.53618	-0.85838	2.55214	13.35066
2859.37500	9.07444	-0.45560	1.34304	16.01108
2863.28125	0.62591	-0.85873	-1.88070	7.80298
2867.18750	0.45716	-2.87354	-0.67219	7.99399
2871.09375	4.49110	-0.85908	-3.49297	9.73553
2875.00000	-4.99895	1.15538	-3.49322	3.85134
2878.90625	-3.66487	1.55814	3.35634	-1.40001
2882.81250	7.24971	4.37843	-0.27028	-5.72045
2886.71875	4.45047	2.76651	-5.10572	-7.11179
2890.62500	3.08034	-2.06885	-5.10597	-2.79112
2894.53125	0.94419	-1.26313	-3.49446	-1.21179
2898.43750	-1.92005	0.75133	-4.70354	-11.58939
2902.34375	3.81282	1.95997	-2.68921	-12.82190
2906.25000	11.69673	3.97441	0.93683	-6.48930
2910.15625	10.13811	7.19763	3.35410	-6.82241
2914.06250	11.29428	2.36234	0.93619	-7.07229
2917.96875	3.82999	-0.05541	-2.28751	-1.25765
2921.87500	-4.04734	1.95915	0.12968	1.80712
2925.78125	4.06468	1.95898	0.53229	8.64816
2929.68750	4.71639	2.36173	-0.27390	14.96793
2933.59375	3.08721	0.74986	0.53165	13.27106
2937.50000	9.15058	-2.07087	1.74010	11.06337
2941.40625	13.48166	-1.66809	2.94857	17.21146
2945.31250	0.49169	0.74938	3.35114	16.53759
2949.21875	-4.71883	1.55508	2.14203	11.81042
2953.12500	-2.31802	1.55490	1.33585	9.05394
2957.03125	-2.47983	1.15179	-1.48496	2.41116
2960.93750	2.80598	-0.86306	-1.88821	2.36411
2964.84375	7.42342	-1.26619	0.12609	6.69814
2968.75000	6.81740	1.95701	1.73750	2.64142
2972.65625	7.16959	1.55382	-4.70973	-1.58777
2976.56250	8.42437	-3.28150	-4.30711	-5.45255
2980.46875	12.67525	-2.87881	3.34826	-8.48764
2984.37500	7.53177	-1.26725	2.54212	-4.35552
2988.28125	10.72012	-0.86453	2.94479	-5.69161
2992.18750	15.43691	0.74706	1.73567	0.28704
2996.09375	4.39016	-1.26775	0.92942	1.17653
